2.992777777777778
2.8714814814814815
2.800925925925926
2.717962962962963
2.9053703703703704
3.1946296296296297
2.73
2.757037037037037
2.8107407407407408
3.0516666666666667
3.375
3.1312962962962962
2.567037037037037
3.102037037037037
3.3724074074074073
3.0437037037037036
2.8975925925925927
2.9657407407407406
2.7307407407407407
2.904074074074074
3.573703703703704
2.562962962962963
3.586851851851852
2.761111111111111
3.049259259259259
2.5922222222222224
2.897962962962963
2.91537037037037
2.8764814814814814
3.020925925925926
2.7868518518518517
2.7505555555555556
2.7764814814814813
2.754814814814815
3.091111111111111
4.385
2.797222222222222
2.5853703703703705
2.857037037037037
2.875
3.4227777777777777
2.845925925925926
2.356851851851852
2.793148148148148
2.97
2.734074074074074
4.342037037037037
2.877407407407407
3.6707407407407406
3.4768518518518516
2.9346296296296295
2.8812962962962962
2.9212962962962963
2.679074074074074
3.2418518518518518
2.8338888888888887
3.427962962962963
2.845925925925926
2.859814814814815
2.7422222222222223
4.192407407407408
2.611111111111111
3.10462962962963
2.607222222222222
2.8583333333333334
2.8377777777777777
2.54037037037037
2.64962962962963
3.2816666666666667
2.8287037037037037
3.0824074074074073
3.1816666666666666
2.593703703703704
2.8353703703703705
2.741111111111111
2.8827777777777777
2.9229629629629628
3.3824074074074075
2.995925925925926
2.6548148148148147
3.501851851851852
2.8366666666666664
3.062222222222222
2.872962962962963
3.0590740740740743
3.1774074074074075
3.7646296296296295
2.8916666666666666
3.3518518518518516
3.3787037037037035
2.739259259259259
2.7092592592592593
2.6574074074074074
3.811111111111111
2.435
2.6705555555555556
2.7472222222222222
2.7662962962962965
3.0812962962962964
3.3777777777777778
