75603
72611
75341
75311
74369
73462
75161
72329
75317
77373
91553
74482
71518
75864
77240
74850
74141
77814
76487
73587
91378
77186
91844
75424
75146
74386
75717
72482
74589
74983
74079
74800
73573
74671
73151
109216
73892
72250
72666
103525
93018
74972
69714
74205
76497
75206
95875
75957
97639
96086
76949
74247
74699
73938
96388
75062
95253
75994
73364
73001
103816
73966
77025
73870
74819
73520
74468
74627
75831
77433
75971
101878
75129
73139
73008
72413
75582
105566
75941
73170
87421
74173
76265
75008
75751
95571
99416
75983
87589
91181
75683
72035
75742
93619
69973
74199
73743
73534
101777
90006
