3.9903703703703703
4.004074074074074
3.9140740740740743
4.101111111111111
4.023888888888889
3.6605555555555553
4.04074074074074
3.7487037037037036
3.814814814814815
3.8224074074074075
5.178888888888889
3.6192592592592594
3.9305555555555554
3.95
3.8544444444444443
3.727777777777778
3.7094444444444443
3.9525925925925924
4.047962962962963
3.9142592592592593
4.251111111111111
4.358888888888889
4.657037037037037
3.837222222222222
3.742962962962963
4.027962962962963
3.909074074074074
3.7733333333333334
3.98
4.044444444444444
4.060370370370371
4.027777777777778
4.039074074074074
3.89537037037037
3.547037037037037
5.814444444444445
3.9935185185185187
4.045
3.7962962962962963
6.995925925925926
4.622222222222222
3.830925925925926
3.719259259259259
4.000740740740741
3.8625925925925926
4.145370370370371
4.765
3.919259259259259
5.105
5.3714814814814815
4.032962962962963
4.105370370370371
3.767037037037037
4.068148148148148
5.607222222222222
3.8698148148148146
6.062407407407408
3.9705555555555554
3.7266666666666666
3.9255555555555555
4.863148148148148
3.899074074074074
3.905925925925926
4.164074074074074
4.040925925925926
4.025925925925926
4.135
3.7824074074074074
3.692037037037037
4.2011111111111115
3.9835185185185185
5.481481481481482
3.9137037037037037
3.9694444444444446
3.885
3.8394444444444447
3.9338888888888888
6.341851851851852
4.000925925925926
4.253148148148148
4.771481481481482
3.815
3.9853703703703705
3.8092592592592593
3.745
5.864444444444445
5.823888888888889
4.034074074074074
4.3079629629629625
4.8896296296296295
4.0435185185185185
3.7107407407407407
4.24
5.193518518518519
3.862962962962963
3.946851851851852
3.8542592592592593
3.987037037037037
5.402222222222222
4.783888888888889
