21548
21622
21136
22146
21729
19767
21820
20243
20600
20641
27966
19544
21225
21330
20814
20130
20031
21344
21859
21137
22956
23538
25148
20721
20212
21751
21109
20376
21492
21840
21926
21750
21811
21035
19154
31398
21565
21843
20500
37778
24960
20687
20084
21604
20858
22385
25731
21164
27567
29006
21778
22169
20342
21968
30279
20897
32737
21441
20124
21198
26261
21055
21092
22486
21821
21740
22329
20425
19937
22686
21511
29600
21134
21435
20979
20733
21243
34246
21605
22967
25766
20601
21521
20570
20223
31668
31449
21784
23263
26404
21835
20038
22896
28045
20860
21313
20813
21530
29172
25833
