22093
19173
21228
20991
19389
19373
21282
20432
22648
22516
25380
20033
19522
21058
21226
20734
20977
21754
20139
20115
29090
22355
24615
22837
21183
20573
21147
20224
19302
20682
20459
19583
19143
21758
21162
31195
20586
19338
20296
28839
27041
20420
18502
20408
22110
19209
25573
20561
30251
26531
20591
19502
22034
21258
27153
21252
23574
21728
19987
19924
35395
20262
22701
19791
19540
20117
20101
20227
21586
21241
20646
29994
21087
20607
19697
19955
19975
32021
20951
18666
24620
21627
20731
20577
21725
27075
25177
22856
28543
25661
21797
20566
20175
25722
20551
21483
21284
19892
30471
25151
