-14007.0
-12330.0
-13062.0
-12030.0
-12412.0
-12969.0
-12763.0
-12254.0
-14282.0
-13937.0
-14784.0
-11851.0
-11865.0
-13529.0
-13108.0
-12676.0
-12322.0
-13092.0
-12743.0
-12797.0
-16912.0
-14571.0
-15641.0
-15301.0
-12699.0
-13356.0
-14649.0
-12587.0
-12202.0
-12540.0
-12913.0
-12182.0
-11706.0
-12962.0
-13508.0
-20284.0
-13085.0
-12026.0
-12356.0
-20624.0
-16250.0
-13745.0
-10571.0
-12441.0
-12197.0
-12598.0
-18692.0
-13271.0
-20316.0
-19508.0
-13139.0
-12077.0
-13114.0
-14246.0
-17952.0
-13061.0
-14832.0
-13341.0
-12682.0
-12135.0
-22562.0
-12596.0
-14311.0
-12632.0
-12126.0
-13137.0
-12339.0
-12552.0
-13565.0
-14006.0
-13611.0
-16931.0
-13324.0
-12597.0
-12479.0
-13702.0
-12596.0
-20610.0
-13671.0
-12108.0
-16189.0
-13057.0
-13316.0
-13001.0
-13829.0
-18596.0
-17552.0
-13496.0
-16690.0
-15755.0
-14040.0
-12826.0
-12804.0
-17405.0
-12478.0
-13152.0
-13129.0
-12588.0
-18985.0
-17133.0
