4.091296296296297
3.5505555555555555
3.931111111111111
3.8872222222222224
3.5905555555555555
3.5875925925925927
3.9411111111111112
3.783703703703704
4.1940740740740745
4.16962962962963
4.7
3.709814814814815
3.6151851851851853
3.89962962962963
3.930740740740741
3.8396296296296297
3.8846296296296297
4.028518518518519
3.7294444444444443
3.725
5.387037037037037
4.139814814814815
4.558333333333334
4.229074074074074
3.9227777777777777
3.809814814814815
3.9161111111111113
3.745185185185185
3.5744444444444445
3.83
3.7887037037037037
3.6264814814814814
3.545
4.029259259259259
3.918888888888889
5.776851851851852
3.812222222222222
3.581111111111111
3.7585185185185184
5.3405555555555555
5.007592592592593
3.7814814814814817
3.426296296296296
3.779259259259259
4.094444444444444
3.5572222222222223
4.735740740740741
3.8075925925925924
5.602037037037037
4.9131481481481485
3.813148148148148
3.6114814814814813
4.08037037037037
3.9366666666666665
5.028333333333333
3.9355555555555557
4.365555555555556
4.023703703703704
3.701296296296296
3.68962962962963
6.55462962962963
3.752222222222222
4.203888888888889
3.665
3.6185185185185187
3.72537037037037
3.7224074074074074
3.745740740740741
3.9974074074074073
3.9335185185185186
3.8233333333333333
5.554444444444444
3.905
3.8161111111111112
3.6475925925925927
3.6953703703703704
3.699074074074074
5.929814814814815
3.879814814814815
3.4566666666666666
4.559259259259259
4.005
3.839074074074074
3.8105555555555557
4.023148148148148
5.013888888888889
4.662407407407407
4.232592592592592
5.28574074074074
4.752037037037037
4.036481481481482
3.8085185185185186
3.736111111111111
4.763333333333334
3.805740740740741
3.9783333333333335
3.9414814814814814
3.6837037037037037
5.642777777777778
4.657592592592593
