-14429.0
-11905.0
-13675.0
-14032.0
-13234.0
-12445.0
-14260.0
-12637.0
-12448.0
-12900.0
-16889.0
-11163.0
-12287.0
-12943.0
-12623.0
-13090.0
-11531.0
-13017.0
-13597.0
-13186.0
-14584.0
-14694.0
-15120.0
-12700.0
-12192.0
-13356.0
-12204.0
-12422.0
-13402.0
-13804.0
-12926.0
-13754.0
-13103.0
-12940.0
-11935.0
-18871.0
-12756.0
-11985.0
-12775.0
-22978.0
-15902.0
-12420.0
-11311.0
-12926.0
-13561.0
-14283.0
-18261.0
-13423.0
-17825.0
-17486.0
-13044.0
-13259.0
-11942.0
-12928.0
-18441.0
-12866.0
-19413.0
-14292.0
-12359.0
-12425.0
-18260.0
-12365.0
-12741.0
-13567.0
-12780.0
-12771.0
-13350.0
-13174.0
-11694.0
-15349.0
-13216.0
-22933.0
-12390.0
-12616.0
-13206.0
-12529.0
-12687.0
-22465.0
-12642.0
-13593.0
-16225.0
-12719.0
-13071.0
-12400.0
-12930.0
-19837.0
-19503.0
-13536.0
-14398.0
-15868.0
-13234.0
-11465.0
-13187.0
-17564.0
-13476.0
-13025.0
-12458.0
-12879.0
-23064.0
-16126.0
