-10938.0
-11296.0
-11322.0
-11964.0
-11097.0
-11375.0
-11181.0
-10394.0
-11471.0
-11801.0
-14219.0
-12094.0
-11921.0
-10610.0
-10954.0
-11378.0
-12292.0
-13254.0
-12641.0
-11060.0
-12804.0
-11835.0
-16309.0
-11235.0
-12063.0
-10958.0
-10671.0
-10768.0
-13114.0
-10866.0
-11537.0
-11752.0
-12111.0
-11613.0
-10454.0
-17566.0
-10735.0
-10588.0
-9825.0
-17033.0
-15600.0
-12657.0
-12166.0
-12163.0
-11819.0
-13044.0
-13873.0
-11794.0
-13946.0
-14463.0
-12580.0
-10915.0
-10967.0
-10182.0
-16322.0
-12080.0
-16169.0
-11124.0
-11404.0
-11278.0
-13102.0
-12490.0
-11209.0
-11395.0
-12029.0
-11079.0
-13145.0
-12962.0
-11040.0
-12085.0
-11178.0
-18436.0
-12900.0
-10097.0
-11275.0
-10192.0
-11918.0
-14871.0
-11403.0
-11818.0
-11951.0
-11131.0
-11350.0
-12880.0
-11531.0
-13722.0
-17448.0
-9842.0
-11434.0
-14414.0
-10918.0
-11116.0
-12401.0
-13076.0
-10031.0
-11433.0
-10618.0
-10400.0
-17213.0
-14217.0
