15801
16310
17852
17497
17562
17071
17317
16766
16891
17737
19982
17996
16909
16725
16989
17550
17486
18701
19743
16653
20034
17453
22712
16956
17285
18064
17812
16139
18262
16148
16645
18614
17626
17002
16143
22944
16636
17108
16442
21383
22534
18497
18401
17110
17491
18848
21124
18694
19999
21774
18733
17017
16548
16245
21450
17610
20431
17457
17810
17071
19521
18549
16467
17514
18023
16339
18320
19667
16587
18231
17169
25103
18902
15786
17530
16158
18580
21034
17207
17201
18125
16627
17477
18347
17284
19670
22461
15728
17683
20871
17259
16801
18321
19272
15413
16982
16811
17174
25495
20782
