-10870.0
-10060.0
-10283.0
-10397.0
-10779.0
-11840.0
-9588.0
-10040.0
-10447.0
-11906.0
-14579.0
-11495.0
-10016.0
-11729.0
-13253.0
-11360.0
-10259.0
-10419.0
-10106.0
-10501.0
-15964.0
-10463.0
-13946.0
-10333.0
-12032.0
-9969.0
-11171.0
-11100.0
-10493.0
-10515.0
-10706.0
-9719.0
-10082.0
-10620.0
-10855.0
-19135.0
-9732.0
-9799.0
-11174.0
-13156.0
-13407.0
-10541.0
-8302.0
-10258.0
-11404.0
-9913.0
-16471.0
-11439.0
-15641.0
-12978.0
-10754.0
-10067.0
-10044.0
-11514.0
-13307.0
-10427.0
-12955.0
-10359.0
-10111.0
-9869.0
-18358.0
-9550.0
-13245.0
-9591.0
-10913.0
-11141.0
-9113.0
-9032.0
-11920.0
-10823.0
-11669.0
-12536.0
-9659.0
-9440.0
-10274.0
-10551.0
-10749.0
-14781.0
-12159.0
-10062.0
-13446.0
-10756.0
-11595.0
-10994.0
-12083.0
-11892.0
-14677.0
-11021.0
-14720.0
-14469.0
-11307.0
-9371.0
-10415.0
-16551.0
-9242.0
-10653.0
-11184.0
-10654.0
-11954.0
-12820.0
