2.926111111111111
3.02037037037037
3.305925925925926
3.2401851851851853
3.252222222222222
3.1612962962962965
3.206851851851852
3.104814814814815
3.127962962962963
3.2846296296296296
3.7003703703703703
3.3325925925925928
3.1312962962962962
3.0972222222222223
3.1461111111111113
3.25
3.238148148148148
3.4631481481481483
3.656111111111111
3.0838888888888887
3.71
3.232037037037037
4.205925925925926
3.14
3.200925925925926
3.3451851851851853
3.2985185185185184
2.988703703703704
3.381851851851852
2.9903703703703703
3.0824074074074073
3.447037037037037
3.264074074074074
3.1485185185185185
2.9894444444444446
4.248888888888889
3.080740740740741
3.168148148148148
3.044814814814815
3.959814814814815
4.172962962962963
3.4253703703703704
3.4075925925925925
3.1685185185185185
3.239074074074074
3.4903703703703703
3.9118518518518517
3.461851851851852
3.7035185185185187
4.032222222222222
3.469074074074074
3.1512962962962963
3.0644444444444443
3.0083333333333333
3.9722222222222223
3.261111111111111
3.7835185185185187
3.2327777777777778
3.2981481481481483
3.1612962962962965
3.615
3.435
3.0494444444444446
3.243333333333333
3.3375925925925927
3.0257407407407406
3.3925925925925924
3.642037037037037
3.0716666666666668
3.3761111111111113
3.1794444444444445
4.648703703703704
3.5003703703703706
2.9233333333333333
3.2462962962962965
2.9922222222222223
3.4407407407407407
3.895185185185185
3.1864814814814815
3.18537037037037
3.3564814814814814
3.079074074074074
3.2364814814814813
3.3975925925925927
3.200740740740741
3.6425925925925924
4.1594444444444445
2.9125925925925924
3.27462962962963
3.865
3.196111111111111
3.1112962962962962
3.392777777777778
3.568888888888889
2.8542592592592593
3.144814814814815
3.113148148148148
3.1803703703703703
4.7212962962962965
3.8485185185185187
