3.5001388888888894
3.3616203703703706
3.4880092592592593
3.48662037037037
3.4430092592592594
3.4010185185185184
3.4796759259259256
3.3485648148148153
3.4868981481481485
3.5820833333333333
4.238564814814815
3.448240740740741
3.3110185185185186
3.5122222222222224
3.575925925925926
3.4652777777777777
3.432453703703704
3.6025
3.5410648148148147
3.4068055555555556
4.230462962962963
3.573425925925926
4.252037037037037
3.4918518518518518
3.4789814814814815
3.4437962962962962
3.5054166666666666
3.3556481481481484
3.4531944444444447
3.471435185185185
3.429583333333333
3.462962962962963
3.4061574074074072
3.4569907407407405
3.3866203703703706
5.0562962962962965
3.4209259259259257
3.3449074074074074
3.3641666666666667
4.792824074074074
4.306388888888889
3.4709259259259255
3.2275
3.435416666666667
3.5415277777777776
3.4817592592592597
4.4386574074074066
3.5165277777777777
4.520324074074074
4.4484259259259264
3.5624537037037034
3.437361111111111
3.458287037037037
3.423055555555555
4.462407407407407
3.4750925925925924
4.409861111111112
3.5182407407407403
3.396481481481481
3.379675925925926
4.806296296296296
3.424351851851852
3.5659722222222223
3.4199074074074076
3.4638425925925924
3.4037037037037035
3.4475925925925925
3.4549537037037035
3.510694444444445
3.5848611111111115
3.5171759259259257
4.716574074074074
3.4781944444444446
3.386064814814815
3.38
3.352453703703704
3.4991666666666665
4.887314814814815
3.5157870370370365
3.3874999999999997
4.047268518518519
3.433935185185185
3.530787037037037
3.472592592592593
3.506990740740741
4.4245833333333335
4.602592592592593
3.5177314814814813
4.055046296296296
4.221342592592593
3.5038425925925925
3.334953703703704
3.5065740740740745
4.3342129629629635
3.2394907407407407
3.435138888888889
3.414027777777778
3.404351851851852
4.711898148148148
4.166944444444445
