16161
15506
15125
14677
15689
17251
14742
14888
15178
16479
18225
16909
13862
16751
18211
16436
15647
16015
14746
15682
19298
13840
19369
14910
16466
13998
15649
15743
15533
16313
15049
14853
14993
14876
16692
23679
15105
13961
15428
15525
18483
15368
12727
15083
16038
14764
23447
15538
19822
18775
15847
15559
15775
14467
17506
15303
18511
15368
15443
14808
22639
14100
16765
14079
15435
15324
13718
14308
17721
15275
16645
17181
14006
15311
14802
15567
15784
18265
16178
14336
18910
15318
16536
15514
16519
17158
20329
15615
18100
18245
14792
14630
14350
20580
13149
14421
14835
14938
16639
18240
