33.477333333333334
14.7872
13.011866666666666
9.353333333333333
8.177466666666668
9.464266666666667
30.311333333333334
9.221066666666667
11.2208
9.496266666666667
33.06986666666667
10.867066666666666
13.417333333333334
29.91893333333333
37.138533333333335
12.661333333333333
8.255466666666667
12.146666666666667
11.069066666666666
9.606133333333334
34.80213333333333
13.027466666666667
29.635066666666667
33.123733333333334
9.1756
8.865466666666666
39.214933333333335
35.1984
29.953466666666667
33.64986666666667
9.474133333333333
8.725066666666667
30.421733333333332
13.0116
8.395866666666667
26.5516
10.657066666666667
11.288133333333333
39.4332
29.0188
27.747333333333334
23.0356
9.836666666666666
20.880266666666667
11.067466666666666
36.67466666666667
33.6888
9.4224
32.95173333333334
27.135866666666665
9.71
10.954666666666666
31.4548
32.690266666666666
33.72346666666667
10.734133333333334
29.059733333333334
13.708133333333333
8.847333333333333
9.069466666666667
33.14333333333333
33.4928
11.937733333333334
9.003333333333334
8.224266666666667
8.316933333333333
10.286266666666666
31.085866666666668
8.742933333333333
34.763733333333334
11.716
23.279333333333334
11.498
9.5004
9.904266666666667
7.973066666666667
8.752
32.9032
11.734666666666667
10.793066666666666
46.1368
13.767466666666667
32.38173333333334
10.278266666666667
10.9572
33.71946666666667
36.55786666666667
11.850266666666666
38.0104
33.126266666666666
13.710666666666667
11.910666666666666
8.9316
31.898266666666668
17.354666666666667
9.076
11.758533333333334
9.727466666666666
35.15586666666667
26.7756
