217113
86265
81848
115401
82340
64721
203309
81670
121327
80024
227185
92041
105447
212580
145473
66504
63982
80923
91028
84499
195268
66213
210500
194968
66498
86189
181483
178979
191899
263579
72855
68542
204945
61825
71386
268867
81704
72630
227513
202521
229884
267916
64419
215935
91653
189305
177828
66302
231767
219513
85068
93364
183049
166855
209487
99824
266510
78997
68807
67834
241941
286178
86574
65871
83828
81874
92729
257675
72590
190372
89974
232629
79695
75882
64837
66300
57207
244905
67019
60552
216752
53986
246703
74142
89957
231089
197699
62906
215435
241974
72227
58567
64470
262984
60945
59176
77015
61882
179361
251676
