28.9484
11.502
10.913066666666667
15.3868
10.978666666666667
8.629466666666668
27.107866666666666
10.889333333333333
16.176933333333334
10.669866666666667
30.291333333333334
12.272133333333333
14.0596
28.344
19.3964
8.8672
8.530933333333333
10.789733333333333
12.137066666666666
11.266533333333333
26.035733333333333
8.8284
28.066666666666666
25.995733333333334
8.8664
11.491866666666667
24.197733333333332
23.863866666666667
25.586533333333332
35.14386666666667
9.714
9.138933333333334
27.326
8.243333333333334
9.518133333333333
35.848933333333335
10.893866666666666
9.684
30.335066666666666
27.0028
30.6512
35.72213333333333
8.5892
28.791333333333334
12.2204
25.240666666666666
23.7104
8.840266666666666
30.902266666666666
29.2684
11.3424
12.448533333333334
24.406533333333332
22.247333333333334
27.9316
13.309866666666666
35.534666666666666
10.532933333333334
9.174266666666666
9.044533333333334
32.2588
38.157066666666665
11.5432
8.7828
11.177066666666667
10.916533333333334
12.363866666666667
34.35666666666667
9.678666666666667
25.382933333333334
11.996533333333334
31.0172
10.626
10.1176
8.644933333333332
8.84
7.6276
32.654
8.935866666666668
8.0736
28.900266666666667
7.198133333333334
32.89373333333333
9.8856
11.994266666666666
30.811866666666667
26.359866666666665
8.387466666666667
28.724666666666668
32.2632
9.630266666666667
7.808933333333333
8.596
35.06453333333334
8.126
7.890133333333333
10.268666666666666
8.250933333333334
23.9148
33.5568
