-125504.0
-46360.0
-35022.0
-65249.0
-40342.0
-35590.0
-122413.0
-49638.0
-53723.0
-47806.0
-135987.0
-44020.0
-50405.0
-146810.0
-113455.0
-33870.0
-32490.0
-41301.0
-49336.0
-49873.0
-123606.0
-40144.0
-166261.0
-124950.0
-50801.0
-39964.0
-115544.0
-89514.0
-118141.0
-126724.0
-46682.0
-39833.0
-138319.0
-37570.0
-52613.0
-153954.0
-35730.0
-47842.0
-163539.0
-134824.0
-98541.0
-163036.0
-30806.0
-121955.0
-51525.0
-153726.0
-97629.0
-34887.0
-163607.0
-135157.0
-39938.0
-48232.0
-106189.0
-128961.0
-154882.0
-47995.0
-134830.0
-38245.0
-53069.0
-31112.0
-149950.0
-144588.0
-50345.0
-37618.0
-62098.0
-56410.0
-45726.0
-136437.0
-54618.0
-122547.0
-35219.0
-183690.0
-35128.0
-38727.0
-47648.0
-35052.0
-44464.0
-139351.0
-34909.0
-37848.0
-99613.0
-41833.0
-114043.0
-53452.0
-45922.0
-106518.0
-139433.0
-34080.0
-101510.0
-107705.0
-47020.0
-33787.0
-37717.0
-165751.0
-31211.0
-34167.0
-41790.0
-28543.0
-131165.0
-96250.0
