127558
54173
47243
73634
46940
45827
139716
58138
48746
63042
126911
44623
58368
152081
143821
43173
47562
62964
58103
61473
113063
51134
185913
151407
68763
47843
135555
106362
125355
111772
58280
51322
153242
51848
68649
157324
45950
67752
162712
154257
91493
162022
46842
115163
54581
180394
112951
52855
159918
124335
46427
46418
114419
151024
168299
47591
103080
54642
68486
45837
144974
129538
53992
50440
79504
74696
53375
138879
75736
135332
43926
201048
45550
51306
63418
48202
66455
142177
44196
52112
76375
60816
94388
70184
52047
87908
173021
44668
89487
94220
63894
49151
54596
162360
41128
50808
52051
40505
158515
90447
