17.007733333333334
7.223066666666667
6.299066666666667
9.817866666666667
6.258666666666667
6.110266666666667
18.6288
7.751733333333333
6.499466666666667
8.4056
16.921466666666667
5.9497333333333335
7.7824
20.277466666666665
19.176133333333333
5.7564
6.3416
8.3952
7.747066666666667
8.1964
15.075066666666666
6.817866666666666
24.7884
20.1876
9.1684
6.379066666666667
18.074
14.1816
16.714
14.902933333333333
7.770666666666667
6.842933333333334
20.432266666666667
6.9130666666666665
9.1532
20.976533333333332
6.126666666666667
9.0336
21.694933333333335
20.5676
12.199066666666667
21.602933333333333
6.2456
15.355066666666668
7.277466666666666
24.052533333333333
15.060133333333333
7.0473333333333334
21.3224
16.578
6.190266666666667
6.189066666666666
15.255866666666666
20.136533333333333
22.439866666666667
6.345466666666667
13.744
7.2856
9.131466666666666
6.1116
19.329866666666668
17.271733333333334
7.198933333333334
6.725333333333333
10.600533333333333
9.959466666666666
7.116666666666666
18.5172
10.098133333333333
18.044266666666665
5.8568
26.8064
6.073333333333333
6.8408
8.455733333333333
6.426933333333333
8.860666666666667
18.956933333333332
5.8928
6.948266666666667
10.183333333333334
8.1088
12.585066666666666
9.357866666666666
6.9396
11.721066666666667
23.069466666666667
5.955733333333334
11.9316
12.562666666666667
8.5192
6.553466666666667
7.279466666666667
21.648
5.483733333333333
6.7744
6.940133333333334
5.400666666666667
21.13533333333333
12.0596
