-200201.0
-61861.0
-66375.0
-48747.0
-41641.0
-45149.0
-203092.0
-44971.0
-60826.0
-59722.0
-173345.0
-56936.0
-81059.0
-203609.0
-222902.0
-68504.0
-41468.0
-57926.0
-55331.0
-56831.0
-176097.0
-59621.0
-177304.0
-208821.0
-48884.0
-50461.0
-213359.0
-202924.0
-185701.0
-203819.0
-49812.0
-42946.0
-210011.0
-60512.0
-62057.0
-177154.0
-58077.0
-61471.0
-213551.0
-194694.0
-193889.0
-174778.0
-45490.0
-156394.0
-52036.0
-188504.0
-199390.0
-57652.0
-191486.0
-199171.0
-48234.0
-55227.0
-188328.0
-189734.0
-203252.0
-61068.0
-177272.0
-68638.0
-44925.0
-44447.0
-166211.0
-211026.0
-62456.0
-44797.0
-44968.0
-48600.0
-58492.0
-203431.0
-47371.0
-199458.0
-69543.0
-137758.0
-55757.0
-49138.0
-44944.0
-45739.0
-43942.0
-195497.0
-60021.0
-49703.0
-254995.0
-65026.0
-200635.0
-62708.0
-61567.0
-216961.0
-217590.0
-62488.0
-205526.0
-195435.0
-71021.0
-57586.0
-56166.0
-201215.0
-76944.0
-44445.0
-54844.0
-46476.0
-200850.0
-203450.0
