-197244.0
-68449.0
-55469.0
-81419.0
-51379.0
-42696.0
-166814.0
-53528.0
-69367.0
-63803.0
-194411.0
-52610.0
-81579.0
-193329.0
-163261.0
-56389.0
-43806.0
-72228.0
-65430.0
-63981.0
-177233.0
-58218.0
-200450.0
-181266.0
-49480.0
-49507.0
-175419.0
-149076.0
-178491.0
-193356.0
-54612.0
-46804.0
-188819.0
-43027.0
-55847.0
-223578.0
-63320.0
-62973.0
-237060.0
-191451.0
-169747.0
-200646.0
-46883.0
-161321.0
-65139.0
-192274.0
-161294.0
-41915.0
-192186.0
-189471.0
-50783.0
-52999.0
-171700.0
-162646.0
-200441.0
-60531.0
-207976.0
-68007.0
-51150.0
-46175.0
-206507.0
-217990.0
-66811.0
-47797.0
-62887.0
-55591.0
-58056.0
-225940.0
-55319.0
-187773.0
-64936.0
-204667.0
-55096.0
-53180.0
-53345.0
-44970.0
-44760.0
-219042.0
-54829.0
-37916.0
-196354.0
-43115.0
-191216.0
-62366.0
-57371.0
-186711.0
-218344.0
-43692.0
-172449.0
-204796.0
-62472.0
-47911.0
-46700.0
-220664.0
-47483.0
-42102.0
-48711.0
-40849.0
-177794.0
-199830.0
