17.392533333333333
5.770133333333333
5.753866666666666
7.023066666666667
4.992933333333333
6.1092
19.5868
5.898
5.182266666666667
10.283866666666666
11.877333333333333
7.8464
6.089333333333333
23.334133333333334
22.746933333333335
9.008533333333334
8.834
7.199466666666667
6.7132
7.9328
15.729066666666666
6.697866666666667
15.811066666666667
20.252266666666667
6.449333333333334
4.824133333333333
15.844266666666666
15.408533333333333
18.128
15.681066666666666
7.1308
6.109333333333334
20.971466666666668
6.527733333333333
10.9288
14.976933333333333
6.6841333333333335
8.092133333333333
20.6584
22.568533333333335
16.737066666666667
19.415066666666668
6.284666666666666
17.848133333333333
5.863466666666667
16.215466666666668
18.129466666666666
6.956933333333334
19.8652
24.313466666666667
6.048666666666667
5.3398666666666665
17.933066666666665
16.6464
16.851866666666666
8.074666666666667
13.327733333333333
5.3456
7.222533333333334
5.003466666666666
11.985066666666667
15.154133333333334
7.288666666666667
4.9064
7.141466666666667
4.903866666666667
7.127066666666667
16.209066666666665
7.1576
18.686933333333332
8.459066666666667
10.638
5.7456
5.280266666666667
5.009733333333333
6.916933333333334
6.7164
15.017066666666667
8.276533333333333
6.0428
20.839066666666668
6.8053333333333335
18.033333333333335
8.702533333333333
7.4856
22.318
16.5348
9.487466666666666
15.380266666666667
18.668133333333333
8.467866666666668
6.3516
9.137866666666667
17.5404
7.789466666666667
5.997866666666667
6.058133333333333
4.896133333333333
19.12
21.069333333333333
