130444
43276
43154
52673
37447
45819
146901
44235
38867
77129
89080
58848
45670
175006
170602
67564
66255
53996
50349
59496
117968
50234
118583
151892
48370
36181
118832
115564
135960
117608
53481
45820
157286
48958
81966
112327
50131
60691
154938
169264
125528
145613
47135
133861
43976
121616
135971
52177
148989
182351
45365
40049
134498
124848
126389
60560
99958
40092
54169
37526
89888
113656
54665
36798
53561
36779
53453
121568
53682
140152
63443
79785
43092
39602
37573
51877
50373
112628
62074
45321
156293
51040
135250
65269
56142
167385
124011
71156
115352
140011
63509
47637
68534
131553
58421
44984
45436
36721
143400
158020
