-128182.0
-43162.0
-44006.0
-44580.0
-28801.0
-40063.0
-160566.0
-36372.0
-37908.0
-52355.0
-107148.0
-56087.0
-38331.0
-158354.0
-164663.0
-51651.0
-51765.0
-43024.0
-44591.0
-40645.0
-122917.0
-38496.0
-120019.0
-153642.0
-37104.0
-31120.0
-131473.0
-134396.0
-125639.0
-132655.0
-40729.0
-35637.0
-149762.0
-50251.0
-59414.0
-107696.0
-37182.0
-45255.0
-154291.0
-143166.0
-126057.0
-137445.0
-40318.0
-101394.0
-39654.0
-145256.0
-146137.0
-41378.0
-167960.0
-147904.0
-36828.0
-33396.0
-123643.0
-128163.0
-131890.0
-50728.0
-105585.0
-35916.0
-40968.0
-29717.0
-113678.0
-120768.0
-40217.0
-27813.0
-38821.0
-28931.0
-47384.0
-111431.0
-38016.0
-140780.0
-53281.0
-96525.0
-40751.0
-30619.0
-29677.0
-38382.0
-38792.0
-127292.0
-50566.0
-44303.0
-172076.0
-60480.0
-130241.0
-46738.0
-48479.0
-148185.0
-130065.0
-61174.0
-141613.0
-138003.0
-52671.0
-39846.0
-55130.0
-139069.0
-67895.0
-35575.0
-49068.0
-31864.0
-169052.0
-127545.0
