24.2065
9.8206
8.994466666666668
10.395266666666666
7.601933333333334
7.5783000000000005
23.9087
8.440033333333334
9.769866666666665
9.713899999999999
23.04
9.233833333333333
10.337166666666667
25.468633333333337
24.6145
9.073366666666667
7.9905
9.632766666666667
9.416599999999999
9.250466666666668
22.910500000000003
8.8429
24.5753
24.889833333333335
8.414933333333334
7.890133333333333
24.332733333333334
22.1631
22.5955
24.844433333333335
8.522400000000001
7.704066666666668
24.787866666666666
8.673933333333332
9.498999999999999
24.5885
8.590433333333333
9.524466666666665
28.0304
24.789433333333335
21.833666666666666
24.943933333333334
7.7390333333333325
20.718700000000002
9.1072
25.545833333333334
22.647199999999998
8.066733333333334
26.2604
24.323933333333333
8.322833333333334
8.733033333333333
22.262566666666665
22.930133333333334
25.2367
9.616033333333334
22.916533333333334
9.218066666666667
8.5939
7.307266666666666
24.17926666666667
26.018933333333333
9.492133333333335
7.354466666666667
9.285833333333333
8.5242
9.223466666666667
25.0422
8.919333333333334
24.219466666666662
9.5071
22.935233333333333
8.485733333333332
7.9347666666666665
8.003666666666666
7.539233333333334
7.989166666666667
24.882799999999996
8.709966666666668
7.964433333333334
26.514866666666666
8.969933333333334
23.973466666666667
9.556066666666666
9.344166666666666
24.6426
25.6305
8.920233333333334
23.511733333333332
24.155066666666666
10.082
8.156166666666666
8.486233333333333
26.5378
9.688466666666667
7.4346
8.756366666666667
7.0687999999999995
24.831500000000002
23.365333333333336
