251080
110904
97589
70150
61331
70982
227335
69158
84156
71222
248024
81503
100630
224392
278539
94960
61916
91100
83018
72046
261016
97706
222263
248428
68817
66491
294112
263988
224651
252374
71056
65438
228163
97587
62969
199137
79928
84661
295749
217641
208105
172767
73775
156602
83006
275060
252666
70668
247138
203519
72825
82160
235911
245177
252926
80506
217948
102811
66355
68021
248575
251196
89533
67525
61682
62377
77147
233144
65572
260728
87870
174595
86235
71253
74282
59798
65640
246774
88010
80948
346026
103256
242863
77087
82179
252896
274184
88877
285078
248447
102830
89330
66987
239237
130160
68070
88189
72956
263669
200817
