726195
294618
269834
311858
228058
227349
717261
253201
293096
291417
691200
277015
310115
764059
738435
272201
239715
288983
282498
277514
687315
265287
737259
746695
252448
236704
729982
664893
677865
745333
255672
231122
743636
260218
284970
737655
257713
285734
840912
743683
655010
748318
232171
621561
273216
766375
679416
242002
787812
729718
249685
261991
667877
687904
757101
288481
687496
276542
257817
219218
725378
780568
284764
220634
278575
255726
276704
751266
267580
726584
285213
688057
254572
238043
240110
226177
239675
746484
261299
238933
795446
269098
719204
286682
280325
739278
768915
267607
705352
724652
302460
244685
254587
796134
290654
223038
262691
212064
744945
700960
