333632
739658
517042
457817
232110
429683
326034
206710
205815
462882
678645
168901
158526
279256
250926
157304
328706
169510
328259
441491
490300
193047
360355
190390
230096
193840
466190
171166
194443
130179
130860
123910
131864
111609
202943
266883
152928
155313
148697
334239
246421
119491
95938
99341
134597
96793
200696
103975
264780
193620
105280
113086
91200
112516
231033
141908
174860
104928
79307
86143
255259
93103
86707
98678
91670
93792
79054
201995
84743
79244
75792
167778
91346
99007
85372
75197
92229
201469
69800
94596
150944
85783
178784
84454
81713
130084
162028
80916
131810
134777
105614
57840
58832
155521
70974
89693
69703
62007
140615
133534
