61.7837037037037
136.9737037037037
95.74851851851852
84.78092592592593
42.983333333333334
79.57092592592592
60.376666666666665
38.27962962962963
38.11388888888889
85.71888888888888
125.675
31.277962962962963
29.356666666666666
51.71407407407408
46.467777777777776
29.130370370370372
60.87148148148148
31.39074074074074
60.7887037037037
81.75759259259259
90.79629629629629
35.74944444444444
66.73240740740741
35.257407407407406
42.61037037037037
35.8962962962963
86.33148148148148
31.697407407407407
36.007962962962964
24.107222222222223
24.233333333333334
22.946296296296296
24.41925925925926
20.668333333333333
37.58203703703704
49.422777777777775
28.32
28.761666666666667
27.53648148148148
61.89611111111111
45.63351851851852
22.127962962962965
17.766296296296296
18.39648148148148
24.92537037037037
17.924629629629628
37.165925925925926
19.25462962962963
49.03333333333333
35.855555555555554
19.496296296296297
20.94185185185185
16.88888888888889
20.836296296296297
42.78388888888889
26.27925925925926
32.38148148148148
19.43111111111111
14.686481481481481
15.952407407407408
47.270185185185184
17.241296296296298
16.056851851851853
18.273703703703703
16.975925925925925
17.36888888888889
14.63962962962963
37.40648148148148
15.693148148148149
14.674814814814814
14.035555555555556
31.07
16.915925925925926
18.334629629629628
15.80962962962963
13.92537037037037
17.079444444444444
37.309074074074076
12.925925925925926
17.517777777777777
27.95259259259259
15.88574074074074
33.108148148148146
15.63962962962963
15.132037037037037
24.08962962962963
30.005185185185184
14.984444444444444
24.409259259259258
24.958703703703705
19.55814814814815
10.71111111111111
10.894814814814815
28.800185185185185
13.143333333333333
16.609814814814815
12.907962962962962
11.482777777777779
26.039814814814815
24.72851851851852
