-153696.0
-426740.0
-264393.0
-253153.0
-115208.0
-254044.0
-175296.0
-102278.0
-88357.0
-233077.0
-343640.0
-61740.0
-68306.0
-127760.0
-105944.0
-66161.0
-149584.0
-84882.0
-149698.0
-249204.0
-230124.0
-83583.0
-124585.0
-81246.0
-108087.0
-86689.0
-256141.0
-70539.0
-100397.0
-50674.0
-58397.0
-51318.0
-49063.0
-45596.0
-91821.0
-98037.0
-56969.0
-73710.0
-56170.0
-133839.0
-102221.0
-42613.0
-42492.0
-38844.0
-51656.0
-36066.0
-54767.0
-38572.0
-72254.0
-54725.0
-39361.0
-42039.0
-31220.0
-41133.0
-75177.0
-47668.0
-41136.0
-36673.0
-24028.0
-31811.0
-86407.0
-31520.0
-29769.0
-33883.0
-29497.0
-26715.0
-25181.0
-53193.0
-25795.0
-23388.0
-26785.0
-62092.0
-22919.0
-30024.0
-29843.0
-21047.0
-23798.0
-47198.0
-21032.0
-28607.0
-34536.0
-29284.0
-44620.0
-21080.0
-23624.0
-31330.0
-39152.0
-21560.0
-35424.0
-40751.0
-25853.0
-14971.0
-15274.0
-37524.0
-16566.0
-20045.0
-17579.0
-15054.0
-31569.0
-28699.0
