40.7388
49.18013333333333
40.2324
52.242266666666666
45.95
68.35373333333334
65.7856
53.52973333333333
42.306
62.98826666666667
96.83933333333333
42.955733333333335
48.5928
42.658
56.7024
40.0144
44.983466666666665
64.46666666666667
49.74706666666667
57.1948
114.3756
59.684666666666665
67.33
45.00053333333334
47.397466666666666
48.5824
68.448
58.65573333333333
51.54986666666667
39.86293333333333
45.489866666666664
52.72613333333334
93.31946666666667
47.190933333333334
52.27373333333333
62.421866666666666
67.35373333333334
52.20186666666667
39.9776
73.58053333333334
73.09573333333333
46.7328
66.68133333333333
43.250933333333336
61.08493333333333
45.690933333333334
109.8468
41.25706666666667
72.7144
108.57493333333333
52.90453333333333
78.49133333333333
51.40493333333333
65.00933333333333
100.49133333333333
102.1068
57.8596
38.612
72.1556
96.99173333333333
96.142
108.69586666666666
61.18053333333334
73.1536
72.00186666666667
50.77413333333333
69.47013333333334
74.3452
61.2236
47.51186666666667
82.6408
86.2104
47.392
82.16906666666667
119.1256
62.1148
93.2336
100.02613333333333
106.04573333333333
56.41506666666667
135.74893333333333
75.0064
80.14613333333334
88.4828
141.6472
134.8396
106.40026666666667
126.13093333333333
572.7824
200.1492
164.42866666666666
108.42466666666667
87.688
138.48333333333332
128.9788
119.18706666666667
102.88106666666667
436.8268
633.3130666666667
580.0452
