-212787.0
-259042.0
-180635.0
-286050.0
-238714.0
-405458.0
-302123.0
-253771.0
-203044.0
-364446.0
-397055.0
-203403.0
-251512.0
-192745.0
-327368.0
-198204.0
-204626.0
-314035.0
-223631.0
-282301.0
-531288.0
-325984.0
-252511.0
-234234.0
-214080.0
-258813.0
-307761.0
-306660.0
-281009.0
-174957.0
-234264.0
-241375.0
-488672.0
-227051.0
-280065.0
-323218.0
-304923.0
-268084.0
-170331.0
-339526.0
-367499.0
-269699.0
-372028.0
-201888.0
-280579.0
-243402.0
-495968.0
-197823.0
-253708.0
-523436.0
-309924.0
-394153.0
-269185.0
-310912.0
-393990.0
-673582.0
-242478.0
-188574.0
-367225.0
-496396.0
-553977.0
-560458.0
-314003.0
-431194.0
-320308.0
-273201.0
-320639.0
-449387.0
-301390.0
-220438.0
-410269.0
-381967.0
-233654.0
-382867.0
-614311.0
-291391.0
-475000.0
-447396.0
-631233.0
-291284.0
-642373.0
-379483.0
-425449.0
-423080.0
-823421.0
-582852.0
-436560.0
-481004.0
-3665538.0
-752069.0
-796587.0
-486624.0
-470242.0
-772710.0
-678777.0
-481564.0
-484916.0
-2993119.0
-3763468.0
-4115329.0
