305541
368851
301743
391817
344625
512653
493392
401473
317295
472412
726295
322168
364446
319935
425268
300108
337376
483500
373103
428961
857817
447635
504975
337504
355481
364368
513360
439918
386624
298972
341174
395446
699896
353932
392053
468164
505153
391514
299832
551854
548218
350496
500110
324382
458137
342682
823851
309428
545358
814312
396784
588685
385537
487570
753685
765801
433947
289590
541167
727438
721065
815219
458854
548652
540014
380806
521026
557589
459177
356339
619806
646578
355440
616268
893442
465861
699252
750196
795343
423113
1018117
562548
601096
663621
1062354
1011297
798002
945982
4295868
1501119
1233215
813185
657660
1038625
967341
893903
771608
3276201
4749848
4350339
