-323222.0
-317276.0
-353783.0
-312723.0
-303027.0
-320868.0
-326400.0
-325056.0
-320807.0
-316568.0
-538876.0
-321002.0
-315199.0
-336766.0
-334866.0
-328397.0
-321814.0
-310584.0
-309521.0
-337633.0
-502209.0
-336751.0
-523845.0
-319142.0
-305755.0
-298870.0
-478279.0
-320516.0
-289685.0
-319582.0
-290080.0
-307003.0
-308572.0
-325559.0
-335265.0
-503777.0
-358153.0
-317203.0
-328600.0
-513980.0
-494973.0
-313753.0
-329230.0
-298275.0
-315040.0
-330377.0
-470201.0
-301034.0
-499301.0
-505769.0
-325523.0
-289011.0
-320305.0
-319285.0
-511352.0
-315947.0
-521629.0
-322749.0
-318528.0
-335309.0
-516065.0
-326765.0
-320609.0
-318940.0
-311157.0
-314279.0
-324322.0
-548132.0
-295111.0
-343851.0
-322571.0
-528775.0
-334368.0
-301756.0
-317857.0
-326428.0
-321854.0
-551472.0
-316765.0
-283652.0
-511749.0
-327322.0
-521518.0
-338340.0
-314184.0
-528380.0
-528013.0
-321969.0
-509637.0
-532751.0
-323584.0
-319413.0
-326687.0
-512144.0
-284325.0
-328959.0
-304623.0
-308018.0
-532567.0
-546034.0
