672538
662854
727325
652356
637174
668745
676309
681390
670365
665409
1100651
669504
663123
697124
696431
679820
672105
647166
647408
703109
1041180
698532
1087440
667233
640166
626523
1005191
669712
615247
664085
609915
639878
643342
678025
700252
1030829
742900
661644
685170
1056272
1019145
659974
678708
622345
655123
687274
980692
622923
1034524
1051639
678527
607169
667615
665161
1049865
661272
1075267
672800
663206
694394
1057660
682843
667218
658120
647636
658234
679045
1127389
616724
711261
674220
1079282
695768
634154
662725
676681
672237
1125589
660871
596724
1059465
680533
1069572
707266
653549
1093645
1086646
668478
1057923
1085019
679756
659078
679725
1067923
601716
680149
635319
641453
1079908
1114111
