124.54407407407408
122.75074074074074
134.6898148148148
120.80666666666667
117.99518518518518
123.84166666666667
125.24240740740741
126.18333333333334
124.14166666666667
123.2238888888889
203.82425925925926
123.98222222222222
122.80055555555556
129.09703703703704
128.9687037037037
125.89259259259259
124.46388888888889
119.84555555555555
119.89037037037038
130.20537037037036
192.8111111111111
129.35777777777778
201.37777777777777
123.56166666666667
118.54925925925926
116.02277777777778
186.1464814814815
124.02074074074073
113.93462962962963
122.9787037037037
112.94722222222222
118.49592592592593
119.13740740740741
125.56018518518519
129.6762962962963
190.89425925925926
137.57407407407408
122.52666666666667
126.88333333333334
195.60592592592593
188.73055555555555
122.2174074074074
125.68666666666667
115.24907407407407
121.31907407407408
127.27296296296296
181.60962962962964
115.3561111111111
191.5785185185185
194.74796296296296
125.65314814814815
112.43870370370371
123.63240740740741
123.17796296296297
194.41944444444445
122.45777777777778
199.12351851851852
124.5925925925926
122.81592592592592
128.59148148148148
195.86296296296297
126.4524074074074
123.55888888888889
121.87407407407407
119.9325925925926
121.89518518518518
125.74907407407407
208.77574074074073
114.20814814814815
131.715
124.85555555555555
199.86703703703705
128.84592592592594
117.43592592592593
122.72685185185185
125.31129629629629
124.48833333333333
208.44240740740742
122.38351851851851
110.50444444444445
196.19722222222222
126.02462962962963
198.0688888888889
130.97518518518518
121.0275925925926
202.52685185185186
201.23074074074074
123.79222222222222
195.91166666666666
200.92944444444444
125.88074074074073
122.05148148148149
125.875
197.7635185185185
111.42888888888889
125.95351851851852
117.65166666666667
118.78759259259259
199.98296296296297
206.31685185185185
