473025
209190
253779
250279
155173
467481
344947
161585
214624
151880
267765
293501
127012
371123
265441
173062
213649
146414
148077
149754
281328
112321
290100
341994
161831
145439
261411
279048
246570
217689
124481
144026
209533
180223
103401
215643
135025
220144
178620
215870
183188
188401
114600
225043
93071
177743
180773
198361
199185
186119
104607
151435
132892
164877
188530
107399
186080
108256
93971
100213
208144
243911
99505
208641
213087
102523
90717
179424
123011
205762
82210
298938
102724
186730
99307
77878
90334
144457
100248
83357
148086
75533
179780
91451
81796
152325
167645
106196
142024
134091
75225
101057
91644
157759
146709
84940
67899
81351
148653
179169
