423531
166703
175004
278249
150233
315438
276701
186255
158295
199783
299338
221269
106908
279997
260523
119313
158869
122134
148789
133414
217268
92083
237198
237853
97560
108336
191128
201050
171671
214323
121017
96495
274638
202717
109719
202518
92103
177996
163990
212081
142599
186824
85394
248995
74914
172040
156833
197478
201442
199863
99105
191460
188339
187192
117807
95722
158501
74165
89503
77920
186329
140539
73724
159661
143618
101470
91608
142921
86235
117127
79277
159200
113500
178123
80173
74166
86244
114659
81207
74440
133575
72718
141408
95611
82257
160565
115352
57963
129176
111361
85550
87125
62908
127527
121040
119517
73241
89459
131724
118158
