119.85925925925926
132.44703703703703
65.60796296296296
69.66907407407408
76.88722222222222
107.96092592592592
145.4462962962963
46.553703703703704
71.61925925925927
68.23148148148148
98.14685185185185
100.075
64.86722222222222
83.19018518518519
91.0037037037037
42.82
41.642037037037035
40.44259259259259
55.78351851851852
50.24148148148148
74.8712962962963
31.684814814814814
77.90944444444445
65.59981481481482
27.183703703703703
50.49777777777778
73.92574074074074
79.31333333333333
72.17277777777778
53.369814814814816
37.13166666666667
30.189814814814813
61.245
81.28277777777778
50.93851851851852
58.79888888888889
24.332037037037036
62.59685185185185
77.85814814814815
47.01277777777778
76.99277777777777
57.10444444444445
27.442592592592593
60.09518518518519
29.057222222222222
56.40888888888889
52.15814814814815
68.78555555555556
49.03666666666667
52.5337037037037
30.373333333333335
64.0712962962963
52.84574074074074
50.89222222222222
55.49611111111111
33.663518518518515
63.910555555555554
22.200370370370372
24.83037037037037
24.058703703703703
43.59722222222222
59.05777777777778
29.964074074074073
58.77148148148148
46.60055555555556
29.777962962962963
28.807222222222222
52.745555555555555
25.07462962962963
46.684074074074076
31.202962962962964
48.876666666666665
24.449074074074073
50.569074074074074
23.23814814814815
20.293703703703702
23.531666666666666
41.29888888888889
20.952407407407406
23.868518518518517
40.68018518518519
18.707037037037036
36.22462962962963
23.115
25.80666666666667
39.51851851851852
45.1887037037037
23.83240740740741
42.992037037037036
40.718148148148146
16.830925925925925
24.24277777777778
20.51537037037037
38.11925925925926
42.35907407407407
21.421666666666667
20.197407407407407
21.67648148148148
33.38777777777778
36.95185185185185
