125.64981481481482
80.36722222222222
64.86351851851852
67.89462962962963
98.41777777777777
125.00537037037037
156.92185185185184
75.4025925925926
42.90518518518518
47.547407407407405
99.6937037037037
104.57907407407407
84.73759259259259
106.04722222222222
75.93351851851853
51.693703703703704
51.30444444444444
49.906666666666666
57.03148148148148
43.37759259259259
102.7825925925926
48.75296296296296
60.15425925925926
95.59574074074074
54.48129629629629
39.92740740740741
56.897962962962964
80.32092592592592
56.61185185185185
91.84925925925926
31.105925925925927
39.98407407407407
59.59777777777778
58.87777777777778
43.611296296296295
63.553703703703704
36.41388888888889
72.45777777777778
74.39685185185185
57.471296296296295
53.19962962962963
71.57314814814815
25.218703703703703
52.17037037037037
32.117592592592594
57.98277777777778
50.437407407407406
40.85092592592593
57.32703703703704
79.44648148148148
28.69537037037037
39.60907407407407
60.20851851851852
45.74
39.91962962962963
22.897037037037038
41.364259259259256
32.22648148148148
27.118703703703705
25.176296296296297
44.108518518518515
50.77851851851852
30.248333333333335
51.29259259259259
43.84648148148148
22.41574074074074
25.29425925925926
47.74944444444444
23.601481481481482
42.65851851851852
25.673703703703705
36.67611111111111
24.101666666666667
52.758148148148145
24.57814814814815
22.125555555555554
25.395
46.76203703703704
21.464814814814815
26.192962962962962
42.48185185185185
22.472407407407406
49.22962962962963
18.616296296296298
22.931851851851853
41.912592592592596
43.48129629629629
23.97685185185185
40.83111111111111
42.577777777777776
23.807222222222222
23.287592592592592
15.297962962962963
39.70166666666667
49.97388888888889
20.272222222222222
26.157777777777778
21.832592592592594
46.239444444444445
37.694074074074074
