-566199.0
-483845.0
-245545.0
-261561.0
-291041.0
-435375.0
-518871.0
-227475.0
-215835.0
-199128.0
-299659.0
-339507.0
-168804.0
-252964.0
-336015.0
-119853.0
-133381.0
-130644.0
-202144.0
-161953.0
-267336.0
-99195.0
-237472.0
-206094.0
-134255.0
-117913.0
-160278.0
-230470.0
-198131.0
-160668.0
-84519.0
-85075.0
-171013.0
-224042.0
-115206.0
-136481.0
-92685.0
-173409.0
-192882.0
-127188.0
-165072.0
-161674.0
-71762.0
-190320.0
-72501.0
-125318.0
-114923.0
-168894.0
-107630.0
-120053.0
-70635.0
-130784.0
-103687.0
-105314.0
-112986.0
-69015.0
-128204.0
-75145.0
-54635.0
-62690.0
-124274.0
-142370.0
-67343.0
-155677.0
-108567.0
-65905.0
-69347.0
-128759.0
-64144.0
-133853.0
-76893.0
-149513.0
-50187.0
-145743.0
-52780.0
-50514.0
-50577.0
-101439.0
-58277.0
-51117.0
-84227.0
-41324.0
-94801.0
-57003.0
-57698.0
-105239.0
-115682.0
-51397.0
-102649.0
-84866.0
-46058.0
-60448.0
-50756.0
-80356.0
-89020.0
-45293.0
-48821.0
-57381.0
-79713.0
-99396.0
