647240
715214
354283
376213
415191
582989
785410
251390
386744
368450
529993
540405
350283
449227
491420
231228
224867
218390
301231
271304
404305
171098
420711
354239
146792
272688
399199
428292
389733
288197
200511
163025
330723
438927
275068
317514
131393
338023
420434
253869
415761
308364
148190
324514
156909
304608
281654
371442
264798
283682
164016
345985
285367
274818
299679
181783
345117
119882
134084
129917
235425
318912
161806
317366
251643
160801
155559
284826
135403
252094
168496
263934
132025
273073
125486
109586
127071
223014
113143
128890
219673
101018
195613
124821
139356
213400
244019
128695
232157
219878
90887
130911
110783
205844
228739
115677
109066
117053
180294
199540
