78.43166666666667
30.870925925925928
32.40814814814815
51.52759259259259
27.820925925925927
58.41444444444444
51.24092592592593
34.49166666666667
29.31388888888889
36.99685185185185
55.43296296296296
40.97574074074074
19.797777777777778
51.8512962962963
48.245
22.095
29.420185185185186
22.61740740740741
27.55351851851852
24.706296296296298
40.23481481481482
17.052407407407408
43.925555555555555
44.046851851851855
18.066666666666666
20.06222222222222
35.39407407407408
37.23148148148148
31.790925925925926
39.68944444444445
22.410555555555554
17.869444444444444
50.85888888888889
37.54018518518519
20.31833333333333
37.50333333333333
17.05611111111111
32.96222222222222
30.368518518518517
39.27425925925926
26.407222222222224
34.59703703703704
15.813703703703704
46.11018518518519
13.872962962962964
31.85925925925926
29.04314814814815
36.57
37.30407407407407
37.01166666666666
18.352777777777778
35.455555555555556
34.87759259259259
34.66518518518519
21.816111111111113
17.726296296296297
29.352037037037036
13.73425925925926
16.57462962962963
14.42962962962963
34.50537037037037
26.02574074074074
13.652592592592592
29.56685185185185
26.595925925925926
18.79074074074074
16.964444444444446
26.466851851851853
15.969444444444445
21.690185185185186
14.680925925925926
29.48148148148148
21.01851851851852
32.98574074074074
14.846851851851852
13.734444444444444
15.971111111111112
21.23314814814815
15.038333333333334
13.785185185185185
24.73611111111111
13.466296296296296
26.186666666666667
17.70574074074074
15.232777777777779
29.73425925925926
21.36148148148148
10.733888888888888
23.921481481481482
20.622407407407408
15.842592592592593
16.13425925925926
11.64962962962963
23.61611111111111
22.414814814814815
22.13277777777778
13.563148148148148
16.566481481481482
24.393333333333334
21.88111111111111
