-416970.0
-391357.0
-181136.0
-193680.0
-153429.0
-405203.0
-421867.0
-131390.0
-212647.0
-152392.0
-282775.0
-288999.0
-128165.0
-283089.0
-161087.0
-117343.0
-142324.0
-98211.0
-83402.0
-102431.0
-174419.0
-80398.0
-158574.0
-217869.0
-101846.0
-107019.0
-173447.0
-184299.0
-165919.0
-117544.0
-84528.0
-75018.0
-193379.0
-150197.0
-91051.0
-121070.0
-65921.0
-125999.0
-129870.0
-120448.0
-154786.0
-132653.0
-56529.0
-183914.0
-62273.0
-117945.0
-117891.0
-121734.0
-112751.0
-126923.0
-75228.0
-105847.0
-92762.0
-92428.0
-124650.0
-55809.0
-109073.0
-53711.0
-58984.0
-53324.0
-112556.0
-132357.0
-49218.0
-124461.0
-106784.0
-68416.0
-60941.0
-99588.0
-53483.0
-93130.0
-59207.0
-135524.0
-62226.0
-112748.0
-51242.0
-46742.0
-47359.0
-73103.0
-52057.0
-59487.0
-77761.0
-45156.0
-106700.0
-49258.0
-56579.0
-80083.0
-85060.0
-43647.0
-71321.0
-68938.0
-49369.0
-49994.0
-39088.0
-81452.0
-68516.0
-64902.0
-46786.0
-45333.0
-65465.0
-80264.0
