2222305
1525090
1133329
1271372
1252053
2040937
2254436
1006404
991351
976869
1635442
1619902
1041786
1673002
1427425
802749
874429
756434
906067
788711
1457927
638768
1272842
1450303
700382
742071
1158987
1342123
1113678
1216195
613981
619460
1136722
1139807
723689
1078865
555156
1127435
1164787
992165
1028826
1070084
484365
1080272
498329
967498
891622
987876
974991
1098675
522683
902769
931724
873883
821582
508548
913065
476326
463999
444002
868084
977566
498376
962648
845119
485839
474473
865018
472097
805339
468621
920123
478398
922820
437688
381108
440782
734645
410508
428129
730736
370620
782641
412411
427241
752618
761815
422329
723845
695250
380221
444846
347944
705519
766347
429604
391458
405759
710364
700415
