87.59722222222223
38.73888888888889
46.99611111111111
46.34796296296296
28.73574074074074
86.57055555555556
63.879074074074076
29.923148148148147
39.745185185185186
28.125925925925927
49.58611111111111
54.352037037037036
23.52074074074074
68.72648148148149
49.15574074074074
32.04851851851852
39.56462962962963
27.113703703703703
27.421666666666667
27.732222222222223
52.09777777777778
20.800185185185185
53.72222222222222
63.33222222222222
29.968703703703703
26.93314814814815
48.409444444444446
51.675555555555555
45.66111111111111
40.312777777777775
23.05203703703704
26.671481481481482
38.80240740740741
33.37462962962963
19.148333333333333
39.93388888888889
25.00462962962963
40.767407407407404
33.077777777777776
39.97592592592593
33.9237037037037
34.889074074074074
21.22222222222222
41.67462962962963
17.23537037037037
32.91537037037037
33.47648148148148
36.733518518518515
36.88611111111111
34.46648148148148
19.371666666666666
28.043518518518518
24.60962962962963
30.532777777777778
34.912962962962965
19.888703703703705
34.45925925925926
20.04740740740741
17.402037037037037
18.557962962962964
38.54518518518518
45.168703703703706
18.42685185185185
38.63722222222222
39.46055555555556
18.98574074074074
16.799444444444443
33.22666666666667
22.779814814814817
38.10407407407408
15.224074074074075
55.35888888888889
19.022962962962964
34.57962962962963
18.390185185185185
14.421851851851851
16.72851851851852
26.751296296296296
18.564444444444444
15.436481481481481
27.423333333333332
13.987592592592593
33.29259259259259
16.93537037037037
15.147407407407407
28.208333333333332
31.04537037037037
19.665925925925926
26.30074074074074
24.831666666666667
13.930555555555555
18.714259259259258
16.97111111111111
29.21462962962963
27.168333333333333
15.72962962962963
12.573888888888888
15.065
27.528333333333332
33.17944444444444
