-333025.0
-206631.0
-188202.0
-201893.0
-162533.0
-303242.0
-413994.0
-116990.0
-115536.0
-127420.0
-227044.0
-235797.0
-121387.0
-230488.0
-174242.0
-86763.0
-136929.0
-94291.0
-102447.0
-63933.0
-160540.0
-83367.0
-155827.0
-185700.0
-78994.0
-82246.0
-107675.0
-173124.0
-116470.0
-145573.0
-66877.0
-51911.0
-155398.0
-124113.0
-78927.0
-128223.0
-54548.0
-115362.0
-117795.0
-110839.0
-77710.0
-109932.0
-47233.0
-125190.0
-59898.0
-109523.0
-94122.0
-108407.0
-120597.0
-126595.0
-55092.0
-91459.0
-84197.0
-80108.0
-78846.0
-49232.0
-77479.0
-46490.0
-62088.0
-53109.0
-100485.0
-88974.0
-52361.0
-76883.0
-84536.0
-59502.0
-48768.0
-72765.0
-52568.0
-83596.0
-45609.0
-87513.0
-48737.0
-103338.0
-50294.0
-50164.0
-60388.0
-100357.0
-47317.0
-50634.0
-79848.0
-48172.0
-107176.0
-45185.0
-45223.0
-67973.0
-93830.0
-50330.0
-62450.0
-62459.0
-45384.0
-44392.0
-33390.0
-91435.0
-104984.0
-51479.0
-40319.0
-42541.0
-77135.0
-77156.0
