-507939.0
-250627.0
-208286.0
-230240.0
-298827.0
-424463.0
-614832.0
-245327.0
-152437.0
-146320.0
-280965.0
-301058.0
-238524.0
-331404.0
-265077.0
-148315.0
-139439.0
-121740.0
-173392.0
-135559.0
-286807.0
-108978.0
-194807.0
-236599.0
-136952.0
-97953.0
-156917.0
-230972.0
-143324.0
-230974.0
-98699.0
-81228.0
-160514.0
-166463.0
-119345.0
-163150.0
-87433.0
-194521.0
-150766.0
-134468.0
-122587.0
-205230.0
-68627.0
-162925.0
-71829.0
-119274.0
-116908.0
-163644.0
-179509.0
-203400.0
-79936.0
-138685.0
-142236.0
-127340.0
-105718.0
-67979.0
-105954.0
-79757.0
-60547.0
-67992.0
-117215.0
-121356.0
-76806.0
-128251.0
-107838.0
-64440.0
-58647.0
-113668.0
-59823.0
-106356.0
-68781.0
-99324.0
-63876.0
-144188.0
-60536.0
-62894.0
-53400.0
-128658.0
-64021.0
-47966.0
-107937.0
-43879.0
-115741.0
-47406.0
-50397.0
-121849.0
-108109.0
-67347.0
-102165.0
-93245.0
-57262.0
-65101.0
-48087.0
-100182.0
-127490.0
-66294.0
-63929.0
-63911.0
-96439.0
-102600.0
