678509
433983
350263
366631
531456
675029
847378
407174
231688
256756
538346
564727
457583
572655
410041
279146
277044
269496
307970
234239
555026
263266
324833
516217
294199
215608
307249
433733
305704
495986
167972
215914
321828
317940
235501
343190
196635
391272
401743
310345
287278
386495
136181
281720
173435
313107
272362
220595
309566
429011
154955
213889
325126
246996
215566
123644
223367
174023
146441
135952
238186
274204
163341
276980
236771
121045
136589
257847
127448
230356
138638
198051
130149
284894
132722
119478
137133
252515
115910
141442
229402
121351
265840
100528
123832
226328
234799
129475
220488
229920
128559
125753
82609
214389
269859
109470
141252
117896
249693
203548
