102.88449074074074
70.60601851851852
52.46893518518518
58.85981481481481
57.96541666666666
94.48782407407407
104.37203703703705
46.592777777777776
45.89587962962963
45.22541666666666
75.71490740740741
74.99546296296296
48.23083333333334
77.4537962962963
66.08449074074075
37.16430555555556
40.482824074074074
35.02009259259259
41.947546296296295
36.514398148148146
67.49662037037037
29.572592592592592
58.92787037037037
67.14365740740742
32.42509259259259
34.35513888888889
53.65680555555555
62.13532407407407
51.55916666666667
56.30532407407407
28.425046296296298
28.6787037037037
52.62601851851852
52.76884259259259
33.50412037037037
49.9474537037037
25.701666666666668
52.19606481481482
53.92532407407407
45.933564814814815
47.63083333333333
49.540925925925926
22.424305555555556
50.0125925925926
23.070787037037036
44.79157407407408
41.27879629629629
45.735
45.13847222222223
50.864583333333336
24.198287037037037
41.7948611111111
43.13537037037037
40.45754629629629
38.036203703703706
23.543888888888887
42.27152777777778
22.05212962962963
21.481435185185184
20.555648148148148
40.18907407407407
45.25768518518518
23.07296296296296
44.56703703703704
39.12587962962964
22.492546296296297
21.966342592592593
40.04712962962963
21.856342592592593
37.28421296296297
21.695416666666667
42.59828703703704
22.148055555555555
42.72314814814815
20.263333333333332
17.64388888888889
20.406574074074072
34.01134259259259
19.005
19.820787037037036
33.830370370370375
17.15833333333333
36.23337962962963
19.09310185185185
19.77967592592593
34.84342592592593
35.26921296296296
19.552268518518517
33.51134259259259
32.1875
17.602824074074075
20.594722222222224
16.10851851851852
32.66291666666667
35.47902777777777
19.889074074074074
18.123055555555556
18.78513888888889
32.88722222222222
32.42662037037037
