-35433.0
-26076.0
-56573.0
-26620.0
-29440.0
-34873.0
-17627.0
-50616.0
-40457.0
-23432.0
-20378.0
-19943.0
-11958.0
-32223.0
-39029.0
-21958.0
-29878.0
-37343.0
-28749.0
-48633.0
-28504.0
-14064.0
-102365.0
-47293.0
-31266.0
-23164.0
-21816.0
-21428.0
-20008.0
-21352.0
-9203.0
-73613.0
-25579.0
-15552.0
-14004.0
-110328.0
-62162.0
-17765.0
-8030.0
-69234.0
-41546.0
-17270.0
-17609.0
-8796.0
-8625.0
-20764.0
-8410.0
-122489.0
-13615.0
-14761.0
-32335.0
-25889.0
-41797.0
-41751.0
-77288.0
-19268.0
-83865.0
-71959.0
-12288.0
-49874.0
-108363.0
-41282.0
-9856.0
-30067.0
-97728.0
-96994.0
-6476.0
-17114.0
-40353.0
-49972.0
-47520.0
-6215.0
-673729.0
-33574.0
-5604.0
-9600.0
-92907.0
-9486.0
-9369.0
-27647.0
-453815.0
-25444.0
-106307.0
-243534.0
-84759.0
-138751.0
-266516.0
-12740.0
-8003.0
-227629.0
-106496.0
-384734.0
-15661.0
-333553.0
-115514.0
-82418.0
-334157.0
-157740.0
-1524609.0
-485965.0
