9.848333333333333
7.885555555555555
14.13888888888889
8.126481481481482
8.802037037037037
9.777037037037037
6.201481481481482
12.943333333333333
10.830185185185185
7.088333333333333
7.100185185185185
6.536666666666667
5.236666666666666
8.494074074074074
10.625
7.369074074074074
8.792592592592593
9.992777777777778
7.727407407407408
12.249074074074073
7.9655555555555555
5.5307407407407405
24.816666666666666
11.961481481481481
7.890185185185185
7.016111111111111
6.386481481481481
7.076851851851852
6.679444444444444
7.060555555555555
4.267407407407408
17.0
8.181111111111111
5.958148148148148
5.549814814814815
26.63111111111111
14.461481481481481
6.377407407407407
4.316296296296296
16.964074074074073
11.123888888888889
6.29037037037037
6.3348148148148145
4.500740740740741
4.404444444444445
6.602407407407408
4.837407407407407
26.120925925925928
5.0777777777777775
5.842407407407407
8.451666666666666
7.388888888888889
10.459814814814814
10.790185185185186
23.422592592592594
6.294814814814814
19.389444444444443
16.232407407407408
5.212777777777778
12.344259259259259
24.701851851851853
10.862962962962962
4.418333333333333
7.954074074074074
21.37037037037037
21.58388888888889
4.064259259259259
6.176666666666667
9.951851851851853
12.148518518518518
12.006481481481481
3.646851851851852
133.82981481481482
9.417962962962964
3.4474074074074075
4.481296296296296
20.87185185185185
4.407037037037037
4.793148148148148
7.354629629629629
88.535
7.120925925925926
23.439444444444444
49.4112962962963
18.802592592592593
29.71203703703704
63.237037037037034
5.955925925925926
4.344074074074074
53.191296296296294
23.024814814814814
75.98314814814815
6.091111111111111
83.36296296296297
25.69703703703704
18.00962962962963
75.77425925925925
41.305925925925926
290.83037037037036
100.31907407407408
