53181
42582
76350
43883
47531
52796
33488
69894
58483
38277
38341
35298
28278
45868
57375
39793
47480
53961
41728
66145
43014
29866
134010
64592
42607
37887
34487
38215
36069
38127
23044
91800
44178
32174
29969
143808
78092
34438
23308
91606
60069
33968
34208
24304
23784
35653
26122
141053
27420
31549
45639
39900
56483
58267
126482
33992
104703
87655
28149
66659
133390
58660
23859
42952
115400
116553
21947
33354
53740
65602
64835
19693
722681
50857
18616
24199
112708
23798
25883
39715
478089
38453
126573
266821
101534
160445
341480
32162
23458
287233
124334
410309
32892
450160
138764
97252
409181
223052
1570484
541723
