44.6828
20.781866666666666
19.605066666666666
25.093066666666665
18.263866666666665
47.0076
46.736533333333334
20.359466666666666
17.973066666666668
24.8832
35.699333333333335
42.3912
16.060133333333333
54.33266666666667
46.1964
26.472666666666665
24.4164
19.493333333333332
24.397066666666667
25.533466666666666
47.40213333333333
18.4312
45.241733333333336
48.0296
25.189866666666667
16.5108
43.705866666666665
42.040933333333335
46.281333333333336
43.6512
22.2008
21.210533333333334
47.077466666666666
53.751333333333335
33.4524
45.60706666666667
24.636266666666668
44.894666666666666
46.7464
56.2492
40.95466666666667
46.02706666666667
19.810933333333335
47.55813333333333
21.312933333333334
45.8976
36.58906666666667
47.548
47.43866666666667
53.656533333333336
18.364266666666666
35.39853333333333
60.95093333333333
42.83786666666666
41.160666666666664
29.2676
43.3676
17.491866666666667
20.7912
13.206533333333333
39.92426666666667
39.293866666666666
21.039866666666665
51.12546666666667
44.2
17.529066666666665
22.347733333333334
38.214933333333335
16.856266666666667
46.837466666666664
28.080933333333334
36.95333333333333
17.606933333333334
46.849066666666666
16.841733333333334
20.9844
22.9764
40.59746666666667
21.447333333333333
21.595866666666666
51.95186666666667
25.192933333333333
48.544666666666664
23.801066666666667
23.252266666666667
50.08906666666667
43.75053333333334
23.833333333333332
40.645466666666664
43.3624
24.334666666666667
18.749066666666668
28.871466666666667
39.4292
46.62866666666667
24.874266666666667
22.7516
18.86253333333333
52.365066666666664
50.51586666666667
