76.2196
41.12
44.86866666666667
34.5552
32.84773333333333
71.34546666666667
71.81413333333333
46.45426666666667
37.76
34.32586666666667
76.3408
77.32426666666667
38.7484
76.8768
84.12586666666667
48.3176
34.188
45.6324
43.49426666666667
36.287866666666666
81.78773333333334
49.483866666666664
66.38386666666666
77.48813333333334
35.7148
29.0556
82.34106666666666
79.7952
67.2952
85.56786666666666
37.3036
34.799733333333336
85.87333333333333
83.15893333333334
30.738933333333332
70.0204
44.560266666666664
75.42426666666667
78.55666666666667
74.0212
77.08026666666666
60.54626666666667
40.06373333333333
60.5284
39.711866666666666
81.4608
81.7764
71.8072
81.5388
65.5232
35.29893333333333
77.98213333333334
81.2376
81.7884
74.79066666666667
33.664
72.78946666666667
33.43346666666667
40.97946666666667
43.9656
72.39773333333333
78.48026666666667
38.8964
63.9744
68.76706666666666
36.297466666666665
32.5964
80.09786666666666
31.0852
74.43093333333333
42.43266666666667
59.56706666666667
44.9752
80.1292
37.123733333333334
32.421866666666666
38.416666666666664
79.08173333333333
47.25706666666667
39.2512
84.4948
39.7204
74.83733333333333
40.3872
37.33293333333334
79.29613333333333
83.0648
37.58506666666667
81.56906666666667
75.26306666666666
50.781733333333335
50.36906666666667
29.0748
75.76053333333333
90.5688
41.81013333333333
37.73866666666667
39.8088
83.3732
78.02626666666667
