-323087.0
-189917.0
-163510.0
-173473.0
-124111.0
-340442.0
-372825.0
-188655.0
-143783.0
-152453.0
-301666.0
-340128.0
-119523.0
-399217.0
-362853.0
-192820.0
-184725.0
-140119.0
-182257.0
-155289.0
-313932.0
-144423.0
-318819.0
-363181.0
-177115.0
-139391.0
-309757.0
-344771.0
-325279.0
-335922.0
-147058.0
-140690.0
-389434.0
-380637.0
-231923.0
-337300.0
-169450.0
-337390.0
-356154.0
-378220.0
-341973.0
-327976.0
-154083.0
-296293.0
-160001.0
-360431.0
-291151.0
-349360.0
-380836.0
-333159.0
-155537.0
-276319.0
-411345.0
-302818.0
-300573.0
-198756.0
-319226.0
-112063.0
-172534.0
-129400.0
-295081.0
-280870.0
-164791.0
-326596.0
-293296.0
-116130.0
-172136.0
-263056.0
-118919.0
-323351.0
-194393.0
-266437.0
-173650.0
-320904.0
-140831.0
-151138.0
-185828.0
-327869.0
-157431.0
-184133.0
-354632.0
-207916.0
-332587.0
-161297.0
-183486.0
-343891.0
-347889.0
-170416.0
-305727.0
-347743.0
-196047.0
-163480.0
-188141.0
-326562.0
-416511.0
-178339.0
-201391.0
-157970.0
-422168.0
-363788.0
