322860
145211
140889
176966
170994
270695
298891
141406
174316
191986
345826
278433
148149
312961
317320
122863
143156
192623
143639
178698
272761
162888
374658
311139
149473
148292
343147
292519
300539
265440
188613
133418
281743
282093
196469
329743
109478
375556
331865
334796
295000
307987
184917
271628
190048
355451
289622
312541
340651
290870
144925
315651
272079
287913
310375
195360
289905
183240
152440
152646
359791
320059
169408
278118
339698
188406
91762
307365
199174
351219
115844
417984
156783
296072
198315
153769
174846
291333
128069
133498
259791
186675
250693
213019
151704
307417
382627
170809
283479
241114
185492
101746
165568
322010
288013
144277
152835
101853
321106
233094
