60.281866666666666
31.20093333333333
29.50236666666667
32.14103333333333
26.7873
54.60033333333333
57.0952
30.502399999999998
31.979799999999997
31.57956666666667
57.57266666666666
58.992000000000004
30.177466666666668
61.672533333333334
58.08623333333334
32.462133333333334
25.441333333333333
31.554966666666665
31.153000000000002
29.5122
56.938766666666666
30.226266666666668
58.69653333333333
58.5113
27.1998
26.2596
58.8433
57.05936666666666
55.30833333333334
59.577533333333335
30.488033333333334
27.723966666666666
58.398133333333334
59.69786666666667
33.41813333333333
57.9631
31.050099999999997
61.565799999999996
62.41083333333333
61.023833333333336
56.55303333333334
56.26616666666666
27.3628
54.928799999999995
31.45603333333333
60.00813333333333
55.834833333333336
56.84226666666667
61.68623333333333
57.1728
27.3463
57.78483333333334
60.1867
56.76423333333332
58.72213333333333
32.4292
56.938833333333335
27.313533333333336
29.4721
27.119366666666668
57.91546666666666
61.6649
30.098766666666666
57.07130000000001
58.05003333333333
28.6858
27.124633333333332
58.9677
27.1533
59.4281
30.6873
56.9991
29.567466666666665
58.97363333333333
27.587600000000002
27.4205
28.7456
59.72043333333333
30.745299999999997
26.896766666666664
60.50283333333333
30.106466666666666
59.18320000000001
32.487766666666666
32.009933333333336
59.36633333333334
62.54443333333333
27.911433333333335
55.861266666666666
58.23953333333333
31.974800000000002
26.62636666666667
28.377633333333332
58.32776666666666
61.607033333333334
29.362133333333333
29.686933333333332
25.12483333333333
59.641466666666666
57.97506666666666
