-516835.0
-245579.0
-230025.0
-272803.0
-235656.0
-422013.0
-459391.0
-227070.0
-278354.0
-278308.0
-481353.0
-504754.0
-278940.0
-488873.0
-479386.0
-263434.0
-159548.0
-279923.0
-246893.0
-242212.0
-473516.0
-247107.0
-519960.0
-466945.0
-186064.0
-207009.0
-500205.0
-455475.0
-472790.0
-485535.0
-242712.0
-240280.0
-454215.0
-477362.0
-249831.0
-490936.0
-281119.0
-568681.0
-584358.0
-508454.0
-468865.0
-492598.0
-197628.0
-463682.0
-268422.0
-475588.0
-501389.0
-418876.0
-493852.0
-476854.0
-209494.0
-504165.0
-453306.0
-462269.0
-549349.0
-246449.0
-488576.0
-248623.0
-227840.0
-220155.0
-495342.0
-548274.0
-240426.0
-490827.0
-503669.0
-252170.0
-218712.0
-553418.0
-246004.0
-514257.0
-250641.0
-517667.0
-217851.0
-481049.0
-224769.0
-211548.0
-197984.0
-523289.0
-251631.0
-176230.0
-506676.0
-210821.0
-496477.0
-261544.0
-257543.0
-490579.0
-528165.0
-199381.0
-464542.0
-519815.0
-235236.0
-179844.0
-212246.0
-494083.0
-494070.0
-210053.0
-214415.0
-175948.0
-433658.0
-478207.0
