578828
326553
260629
339903
249288
479667
524835
272563
367080
311333
541053
593461
346111
553144
447850
290074
180551
265583
281766
243008
466478
234537
549046
502817
209736
297748
476800
505491
506887
552743
279745
278224
473070
482016
324640
541944
303051
569026
600687
518891
516329
580698
186907
565587
295947
489605
497682
497563
542605
530466
272990
567539
467108
480317
581654
305529
547082
254226
268443
232144
535258
646582
284033
570772
554550
268469
309896
574320
255864
522111
275923
568086
260875
520800
224572
268299
227074
602686
279007
217052
531944
229669
599438
280202
354205
503184
542591
205896
475750
616381
210379
178659
251164
563900
531217
236454
284096
211857
450101
542092
