-507469.0
-242286.0
-267411.0
-225373.0
-198411.0
-490514.0
-486854.0
-247020.0
-243980.0
-228091.0
-453109.0
-472951.0
-251705.0
-526562.0
-537475.0
-292730.0
-189125.0
-239725.0
-255959.0
-231433.0
-485812.0
-260414.0
-450785.0
-525449.0
-227030.0
-199520.0
-525628.0
-532904.0
-461092.0
-510794.0
-248552.0
-206425.0
-550057.0
-518905.0
-270335.0
-502530.0
-281241.0
-532423.0
-493354.0
-508052.0
-524632.0
-448859.0
-211128.0
-454591.0
-217769.0
-481713.0
-504396.0
-501396.0
-517258.0
-477224.0
-201704.0
-493776.0
-563348.0
-521131.0
-485404.0
-242312.0
-478947.0
-212930.0
-238375.0
-234590.0
-449486.0
-506524.0
-245878.0
-481173.0
-468899.0
-226049.0
-208831.0
-519499.0
-182197.0
-479629.0
-271736.0
-408333.0
-255338.0
-498166.0
-185957.0
-213273.0
-212937.0
-523662.0
-269659.0
-230257.0
-546778.0
-241534.0
-477520.0
-281606.0
-262685.0
-524181.0
-552079.0
-226440.0
-492615.0
-514091.0
-296049.0
-263104.0
-222972.0
-477914.0
-570593.0
-243034.0
-233595.0
-234789.0
-529395.0
-543835.0
