571647
308400
336515
259164
246358
535091
538606
348407
283200
257444
572556
579932
290613
576576
630944
362382
256410
342243
326207
272159
613408
371129
497879
581161
267861
217917
617558
598464
504714
641759
279777
260998
644050
623692
230542
525153
334202
565682
589175
555159
578102
454097
300478
453963
297839
610956
613323
538554
611541
491424
264742
584866
609282
613413
560930
252480
545921
250751
307346
329742
542983
588602
291723
479808
515753
272231
244473
600734
233139
558232
318245
446753
337314
600969
278428
243164
288125
593113
354428
294384
633711
297903
561280
302904
279997
594721
622986
281888
611768
564473
380863
377768
218061
568204
679266
313576
283040
298566
625299
585197
