1808456
936028
885071
964231
803619
1638010
1712856
915072
959394
947387
1727180
1769760
905324
1850176
1742587
973864
763240
946649
934590
885366
1708163
906788
1760896
1755339
815994
787788
1765299
1711781
1659250
1787326
914641
831719
1751944
1790936
1002544
1738893
931503
1846974
1872325
1830715
1696591
1687985
820884
1647864
943681
1800244
1675045
1705268
1850587
1715184
820389
1733545
1805601
1702927
1761664
972876
1708165
819406
884163
813581
1737464
1849947
902963
1712139
1741501
860574
813739
1769031
814599
1782843
920619
1709973
887024
1769209
827628
822615
862368
1791613
922359
806903
1815085
903194
1775496
974633
960298
1780990
1876333
837343
1675838
1747186
959244
798791
851329
1749833
1848211
880864
890608
753745
1789244
1739252
