77.17706666666666
43.5404
34.75053333333334
45.3204
33.2384
63.9556
69.978
36.34173333333333
48.944
41.511066666666665
72.1404
79.12813333333334
46.148133333333334
73.75253333333333
59.71333333333333
38.67653333333333
24.07346666666667
35.41106666666666
37.5688
32.401066666666665
62.197066666666665
31.2716
73.20613333333333
67.04226666666666
27.9648
39.699733333333334
63.57333333333333
67.3988
67.58493333333334
73.69906666666667
37.29933333333334
37.09653333333333
63.076
64.2688
43.285333333333334
72.2592
40.4068
75.87013333333333
80.0916
69.18546666666667
68.84386666666667
77.4264
24.920933333333334
75.4116
39.4596
65.28066666666666
66.3576
66.34173333333334
72.34733333333334
70.7288
36.398666666666664
75.67186666666667
62.28106666666667
64.04226666666666
77.55386666666666
40.7372
72.94426666666666
33.8968
35.7924
30.952533333333335
71.36773333333333
86.21093333333333
37.871066666666664
76.10293333333334
73.94
35.79586666666667
41.31946666666666
76.576
34.1152
69.6148
36.78973333333333
75.7448
34.78333333333333
69.44
29.942933333333333
35.7732
30.276533333333333
80.35813333333333
37.20093333333333
28.940266666666666
70.92586666666666
30.622533333333333
79.92506666666667
37.36026666666667
47.227333333333334
67.0912
72.34546666666667
27.4528
63.43333333333333
82.18413333333334
28.050533333333334
23.8212
33.488533333333336
75.18666666666667
70.82893333333334
31.5272
37.879466666666666
28.2476
60.013466666666666
72.27893333333333
