335121
155864
147038
188198
136979
352557
350524
152696
134798
186624
267745
317934
120451
407495
346473
198545
183123
146200
182978
191501
355516
138234
339313
360222
188924
123831
327794
315307
347110
327384
166506
159079
353081
403135
250893
342053
184772
336710
350598
421869
307160
345203
148582
356686
159847
344232
274418
356610
355790
402424
137732
265489
457132
321284
308705
219507
325257
131189
155934
99049
299432
294704
157799
383441
331500
131468
167608
286612
126422
351281
210607
277150
132052
351368
126313
157383
172323
304481
160855
161969
389639
188947
364085
178508
174392
375668
328129
178750
304841
325218
182510
140618
216536
295719
349715
186557
170637
141469
392738
378869
