43.048
19.361466666666665
18.7852
23.595466666666667
22.7992
36.092666666666666
39.852133333333335
18.854133333333333
23.242133333333335
25.598133333333333
46.11013333333333
37.1244
19.7532
41.72813333333333
42.309333333333335
16.381733333333333
19.087466666666668
25.683066666666665
19.151866666666667
23.8264
36.36813333333333
21.7184
49.9544
41.4852
19.929733333333335
19.772266666666667
45.75293333333333
39.00253333333333
40.071866666666665
35.392
25.1484
17.789066666666667
37.565733333333334
37.6124
26.195866666666667
43.96573333333333
14.597066666666667
50.074133333333336
44.248666666666665
44.639466666666664
39.333333333333336
41.064933333333336
24.6556
36.21706666666667
25.339733333333335
47.39346666666667
38.61626666666667
41.672133333333335
45.42013333333333
38.782666666666664
19.323333333333334
42.0868
36.2772
38.3884
41.38333333333333
26.048
38.654
24.432
20.325333333333333
20.3528
47.97213333333333
42.674533333333336
22.587733333333333
37.0824
45.29306666666667
25.1208
12.234933333333334
40.982
26.556533333333334
46.8292
15.445866666666667
55.7312
20.9044
39.47626666666667
26.442
20.502533333333332
23.3128
38.8444
17.075866666666666
17.799733333333332
34.6388
24.89
33.42573333333333
28.402533333333334
20.2272
40.988933333333335
51.016933333333334
22.774533333333334
37.7972
32.14853333333333
24.732266666666668
13.566133333333333
22.075733333333332
42.934666666666665
38.40173333333333
19.236933333333333
20.378
13.5804
42.81413333333333
31.0792
