-358426.0
-181038.0
-131920.0
-188149.0
-162607.0
-294609.0
-319807.0
-156137.0
-192590.0
-189586.0
-370183.0
-354954.0
-170099.0
-341048.0
-314207.0
-128943.0
-120871.0
-180649.0
-152737.0
-162193.0
-312406.0
-158466.0
-414511.0
-323976.0
-135130.0
-153363.0
-332377.0
-299045.0
-317056.0
-332084.0
-173290.0
-152130.0
-288471.0
-331698.0
-183568.0
-340976.0
-131957.0
-387848.0
-375109.0
-344245.0
-312288.0
-340434.0
-149781.0
-314471.0
-203336.0
-374486.0
-288164.0
-335896.0
-373349.0
-334463.0
-154619.0
-359681.0
-290342.0
-307071.0
-359606.0
-207482.0
-333109.0
-166097.0
-157206.0
-135478.0
-388145.0
-378539.0
-158798.0
-331953.0
-361846.0
-174509.0
-120917.0
-346241.0
-173266.0
-369557.0
-120471.0
-418979.0
-150407.0
-327429.0
-176719.0
-158571.0
-157590.0
-328999.0
-149751.0
-121945.0
-313406.0
-164553.0
-316678.0
-189479.0
-172984.0
-318042.0
-369959.0
-148918.0
-296058.0
-289017.0
-151357.0
-96521.0
-156395.0
-353600.0
-321432.0
-147808.0
-153944.0
-96563.0
-319332.0
-272319.0
