129072
101243
93706
76996
64004
118586
176106
70072
71556
97526
136509
60905
65281
97164
105411
73850
78576
58779
60079
70102
122130
59198
71308
84639
61165
57241
75036
97206
73071
68833
50411
53392
98635
63839
56391
75094
48642
48308
74091
66817
75203
78443
45080
71854
48207
98501
68935
44243
60723
79570
44978
40899
56883
70325
68465
43935
62098
44207
45436
41933
64146
58516
44116
43944
40957
38480
41560
61337
40705
64425
40047
59465
40149
40140
43918
39366
42329
56333
41701
44842
64899
35969
68742
37726
39619
68561
59306
36582
59937
56893
39084
37943
33860
43843
47883
38143
43222
38485
77910
52129
