-85339.0
-58601.0
-54067.0
-47308.0
-56428.0
-50494.0
-82035.0
-40931.0
-42482.0
-45274.0
-56005.0
-44731.0
-43509.0
-56525.0
-60611.0
-38962.0
-43387.0
-36505.0
-35157.0
-39095.0
-41644.0
-43101.0
-55553.0
-55212.0
-40495.0
-34403.0
-48508.0
-35972.0
-43111.0
-48059.0
-37767.0
-40686.0
-41532.0
-29849.0
-34615.0
-38214.0
-29838.0
-34288.0
-31736.0
-30577.0
-31245.0
-32650.0
-30710.0
-31634.0
-27526.0
-35034.0
-33597.0
-29200.0
-40255.0
-38536.0
-30838.0
-28944.0
-32322.0
-34908.0
-30988.0
-27839.0
-28993.0
-28326.0
-26501.0
-27046.0
-27771.0
-33387.0
-28394.0
-25708.0
-25606.0
-25519.0
-28478.0
-30570.0
-24492.0
-39060.0
-24289.0
-35840.0
-27409.0
-25614.0
-22180.0
-22328.0
-23819.0
-23573.0
-23084.0
-25660.0
-28394.0
-23973.0
-28102.0
-22852.0
-23451.0
-27005.0
-31790.0
-21572.0
-29383.0
-23056.0
-23692.0
-26149.0
-22382.0
-25161.0
-21711.0
-24796.0
-23098.0
-25323.0
-28629.0
-28989.0
