17.2096
13.499066666666666
12.494133333333334
10.266133333333334
8.533866666666666
15.811466666666666
23.4808
9.342933333333333
9.5408
13.003466666666666
18.2012
8.120666666666667
8.704133333333333
12.9552
14.0548
9.846666666666666
10.4768
7.8372
8.010533333333333
9.346933333333334
16.284
7.893066666666667
9.507733333333332
11.2852
8.155333333333333
7.632133333333333
10.0048
12.9608
9.7428
9.177733333333334
6.721466666666666
7.118933333333334
13.151333333333334
8.511866666666666
7.5188
10.012533333333334
6.4856
6.441066666666667
9.8788
8.908933333333334
10.027066666666666
10.459066666666667
6.010666666666666
9.580533333333333
6.4276
13.133466666666667
9.191333333333333
5.899066666666666
8.0964
10.609333333333334
5.997066666666667
5.4532
7.5844
9.376666666666667
9.128666666666666
5.858
8.279733333333333
5.894266666666667
6.058133333333333
5.591066666666666
8.5528
7.802133333333333
5.882133333333333
5.8592
5.460933333333333
5.1306666666666665
5.541333333333333
8.178266666666667
5.427333333333333
8.59
5.3396
7.9286666666666665
5.3532
5.352
5.855733333333333
5.2488
5.643866666666667
7.511066666666666
5.560133333333333
5.978933333333333
8.6532
4.795866666666667
9.1656
5.030133333333334
5.282533333333333
9.141466666666666
7.907466666666667
4.8776
7.9916
7.585733333333334
5.2112
5.059066666666666
4.514666666666667
5.8457333333333334
6.3844
5.085733333333334
5.762933333333334
5.131333333333333
10.388
6.9505333333333335
