13.5924
8.376533333333333
8.0076
7.373333333333333
8.731333333333334
7.5316
12.5152
6.140133333333333
7.781333333333333
6.9756
8.469866666666666
7.126266666666667
7.0424
9.7636
8.502533333333334
6.405333333333333
7.254666666666667
6.986266666666666
6.522266666666667
6.677733333333333
9.802933333333334
6.1222666666666665
11.8232
11.2676
6.164133333333333
5.64
8.561466666666666
7.7028
7.211733333333333
10.291066666666667
6.327066666666667
7.893866666666667
8.2328
5.133333333333334
5.8208
7.564666666666667
5.979466666666666
7.074133333333333
7.293333333333333
7.064666666666667
6.173866666666667
6.6776
5.295333333333334
6.753066666666666
5.2401333333333335
6.951066666666667
6.7236
5.631466666666666
6.653733333333333
7.067866666666666
5.448133333333334
4.9592
7.124533333333333
6.612266666666667
5.903066666666667
5.4752
5.503333333333333
5.100266666666666
4.7936
5.0465333333333335
6.2368
6.69
4.9286666666666665
5.247733333333334
4.4304
5.404
4.565333333333333
8.193866666666667
4.897866666666666
7.759333333333333
4.2792
7.822533333333333
5.704
5.008266666666667
4.7888
4.701333333333333
4.6472
6.298133333333333
4.887733333333333
4.355333333333333
6.465466666666667
4.836266666666667
6.084266666666666
4.3128
4.3296
6.1396
5.899466666666667
4.1156
5.658266666666667
5.1824
4.127466666666667
4.872533333333333
4.2176
5.475466666666667
4.560266666666666
4.7892
4.097466666666667
5.090933333333333
6.9684
7.0052
