25.097333333333335
11.717333333333332
11.669733333333333
11.347733333333334
10.601333333333333
11.481466666666666
20.690666666666665
8.1032
9.336933333333333
9.296133333333334
15.316
10.411866666666667
11.108
11.451066666666666
12.660666666666666
8.337733333333333
8.146
8.6352
8.3396
8.1056
14.42
7.9448
13.3276
18.135466666666666
8.5804
7.301066666666666
11.896133333333333
9.796666666666667
11.480933333333333
9.976933333333333
8.524266666666668
8.053733333333334
11.548933333333334
7.3092
7.124933333333333
10.721333333333334
6.535466666666666
7.2744
10.8796
7.7805333333333335
11.8908
8.777333333333333
7.359466666666667
9.358133333333333
6.220933333333333
8.797733333333333
7.888533333333333
5.9008
8.488933333333334
8.3252
6.648666666666666
5.765333333333333
8.1448
9.41
8.2164
6.682266666666667
9.8248
5.982266666666667
6.0364
6.2736
7.8632
9.371866666666667
6.025733333333333
6.6488
6.986666666666666
5.783733333333333
6.33
8.8104
5.937866666666666
8.9556
5.6236
8.903066666666666
5.8712
5.7408
5.6710666666666665
5.2076
5.980533333333334
6.7348
5.810933333333334
6.255466666666667
9.011733333333334
5.5916
7.439333333333333
5.7632
6.3328
7.1728
10.314
5.9652
9.272266666666667
7.4792
5.609466666666667
5.601466666666667
5.549066666666667
8.544
5.902
5.399333333333334
5.605733333333333
6.175333333333334
7.2544
7.275066666666667
