188230
87880
87523
85108
79510
86111
155180
60774
70027
69721
114870
78089
83310
85883
94955
62533
61095
64764
62547
60792
108150
59586
99957
136016
64353
54758
89221
73475
86107
74827
63932
60403
86617
54819
53437
80410
49016
54558
81597
58354
89181
65830
55196
70186
46657
65983
59164
44256
63667
62439
49865
43240
61086
70575
61623
50117
73686
44867
45273
47052
58974
70289
45193
49866
52400
43378
47475
66078
44534
67167
42177
66773
44034
43056
42533
39057
44854
50511
43582
46916
67588
41937
55795
43224
47496
53796
77355
44739
69542
56094
42071
42011
41618
64080
44265
40495
42043
46315
54408
54563
