-123730.0
-74999.0
-57178.0
-56093.0
-58076.0
-69060.0
-115288.0
-41968.0
-56373.0
-60750.0
-69571.0
-49666.0
-59076.0
-46720.0
-57021.0
-42650.0
-50800.0
-46215.0
-42815.0
-42186.0
-69382.0
-40939.0
-52377.0
-73422.0
-43511.0
-35451.0
-50064.0
-49257.0
-44890.0
-46387.0
-41119.0
-42869.0
-49746.0
-36273.0
-35172.0
-45034.0
-31065.0
-34967.0
-38372.0
-36248.0
-41152.0
-34412.0
-30405.0
-33789.0
-27516.0
-36360.0
-31316.0
-27594.0
-31518.0
-37032.0
-28967.0
-27687.0
-35173.0
-35125.0
-31494.0
-31572.0
-31301.0
-24443.0
-27080.0
-28978.0
-28976.0
-31822.0
-23990.0
-30824.0
-29636.0
-28501.0
-27312.0
-34771.0
-22035.0
-37070.0
-23839.0
-32606.0
-25000.0
-27470.0
-26597.0
-23179.0
-25445.0
-22980.0
-23945.0
-26539.0
-38009.0
-23351.0
-29020.0
-21529.0
-27543.0
-28014.0
-30653.0
-25744.0
-29469.0
-25400.0
-24625.0
-25454.0
-27042.0
-29420.0
-28267.0
-24474.0
-24576.0
-31883.0
-30312.0
-31239.0
