544692
305295
299806
265936
282248
313203
490902
228662
251830
283860
370133
244365
248017
362182
327053
226501
244488
217691
220730
222321
353271
213947
324753
373394
216693
195924
287321
282173
271272
289444
200307
217145
288832
205327
191651
263648
188550
190473
252324
239637
248412
244052
172573
240111
163598
264675
222564
165892
218184
248074
174161
157312
217622
240843
211113
171570
217529
157859
162460
158500
213632
219886
156270
165262
157836
155084
159002
230193
153761
237591
142988
233802
157911
148174
152974
143453
151695
190947
152249
153157
227446
145631
206989
144845
148672
208206
221582
139495
213512
183639
142522
145050
136714
184409
154512
145592
147093
153660
221334
197202
