101943
62824
60057
55300
65485
56487
93864
46051
58360
52317
63524
53447
52818
73227
63769
48040
54410
52397
48917
50083
73522
45917
88674
84507
46231
42300
64211
57771
54088
77183
47453
59204
61746
38500
43656
56735
44846
53056
54700
52985
46304
50082
39715
50648
39301
52133
50427
42236
49903
53009
40861
37194
53434
49592
44273
41064
41275
38252
35952
37849
46776
50175
36965
39358
33228
40530
34240
61454
36734
58195
32094
58669
42780
37562
35916
35260
34854
47236
36658
32665
48491
36272
45632
32346
32472
46047
44246
30867
42437
38868
30956
36544
31632
41066
34202
35919
30731
38182
52263
52539
