125447
53348
58520
48532
73249
52019
65752
51765
51887
64296
55230
51924
46608
105908
62918
42078
50407
41751
49187
41344
49469
49246
64814
68232
44944
41625
58853
53721
58006
68601
38511
44146
41834
48169
38167
51409
46046
34551
41936
61481
37724
49697
32582
47423
29433
48058
44038
35157
43891
53056
38457
35979
46219
50351
36752
36454
40470
30533
35799
31666
43736
40906
29996
32094
31251
32696
35727
41324
31788
47804
28670
48895
30948
27416
30607
29770
29658
36867
30308
28734
46468
31453
36820
31549
29085
39802
40675
27307
41596
31784
30411
28552
29604
35420
28162
31035
31097
30678
36753
37971
