-99031.0
-71044.0
-72635.0
-51989.0
-55141.0
-89577.0
-132485.0
-44606.0
-56923.0
-69420.0
-72686.0
-50355.0
-48672.0
-66232.0
-62259.0
-49134.0
-46443.0
-43301.0
-40111.0
-47294.0
-67469.0
-37978.0
-47936.0
-58353.0
-41192.0
-40329.0
-43556.0
-53545.0
-42283.0
-44471.0
-31290.0
-32619.0
-54508.0
-42030.0
-37598.0
-42713.0
-31245.0
-33075.0
-36057.0
-42157.0
-42887.0
-36403.0
-29917.0
-36501.0
-25568.0
-50166.0
-32309.0
-28363.0
-32489.0
-36853.0
-28249.0
-25579.0
-32782.0
-37684.0
-29013.0
-25407.0
-30282.0
-28391.0
-27995.0
-24152.0
-30080.0
-29525.0
-24782.0
-27414.0
-27146.0
-24894.0
-28403.0
-30465.0
-20683.0
-29452.0
-22939.0
-30808.0
-23048.0
-18446.0
-22920.0
-22103.0
-23404.0
-26387.0
-22771.0
-24864.0
-38379.0
-19979.0
-24422.0
-20081.0
-22446.0
-28799.0
-30921.0
-22586.0
-28530.0
-25395.0
-23861.0
-22223.0
-19427.0
-30223.0
-25489.0
-18936.0
-24174.0
-22443.0
-33890.0
-26724.0
