18.1564
10.176499999999999
9.993533333333334
8.864533333333334
9.408266666666666
10.4401
16.3634
7.622066666666665
8.394333333333334
9.462
12.337766666666667
8.1455
8.267233333333333
12.072733333333332
10.901766666666665
7.550033333333333
8.1496
7.256366666666667
7.357666666666667
7.4107
11.7757
7.131566666666666
10.825099999999999
12.446466666666666
7.223099999999999
6.5308
9.577366666666666
9.405766666666667
9.0424
9.648133333333334
6.6769
7.238166666666667
9.627733333333333
6.844233333333333
6.388366666666666
8.788266666666667
6.285
6.3491
8.4108
7.987900000000001
8.2804
8.135066666666667
5.752433333333334
8.0037
5.453266666666666
8.8225
7.4188
5.529733333333333
7.2728
8.269133333333334
5.805366666666667
5.243733333333333
7.254066666666667
8.0281
7.037100000000001
5.719
7.250966666666667
5.261966666666667
5.415333333333333
5.283333333333333
7.121066666666666
7.329533333333333
5.209
5.508733333333333
5.2612
5.169466666666667
5.300066666666668
7.6731
5.125366666666666
7.9197
4.766266666666667
7.7934
5.2637
4.939133333333333
5.0991333333333335
4.781766666666667
5.0565
6.3649
5.074966666666667
5.1052333333333335
7.581533333333334
4.8543666666666665
6.899633333333334
4.828166666666667
4.955733333333333
6.940199999999999
7.386066666666666
4.6498333333333335
7.117066666666667
6.1213
4.750733333333334
4.835
4.557133333333334
6.146966666666667
5.1504
4.853066666666667
4.9031
5.122
7.3778
6.5733999999999995
