-111168.0
-47023.0
-57219.0
-47606.0
-59218.0
-48233.0
-59084.0
-42533.0
-39209.0
-43481.0
-65216.0
-39639.0
-32265.0
-71167.0
-42101.0
-34595.0
-36016.0
-30408.0
-36911.0
-30597.0
-35792.0
-34229.0
-43336.0
-46685.0
-32730.0
-29965.0
-37339.0
-41666.0
-33936.0
-40824.0
-28785.0
-31889.0
-26310.0
-39120.0
-31098.0
-32038.0
-29116.0
-24573.0
-28283.0
-29186.0
-32940.0
-31038.0
-21873.0
-26511.0
-23959.0
-39196.0
-32103.0
-22155.0
-26553.0
-30548.0
-27662.0
-24313.0
-23339.0
-30218.0
-23335.0
-22856.0
-24466.0
-22589.0
-24879.0
-22713.0
-28169.0
-26763.0
-22423.0
-20845.0
-21241.0
-20632.0
-19829.0
-26029.0
-21771.0
-28929.0
-20757.0
-27346.0
-20663.0
-20324.0
-19973.0
-19028.0
-21365.0
-23603.0
-21095.0
-20981.0
-29680.0
-20085.0
-23336.0
-18396.0
-20309.0
-20507.0
-27259.0
-18310.0
-26944.0
-19850.0
-19501.0
-18062.0
-18186.0
-22057.0
-23360.0
-20400.0
-21590.0
-20570.0
-29504.0
-25324.0
