16.726266666666668
7.113066666666667
7.802666666666667
6.470933333333333
9.766533333333333
6.935866666666667
8.766933333333334
6.902
6.918266666666667
8.5728
7.364
6.9232
6.2144
14.121066666666668
8.389066666666666
5.6104
6.720933333333333
5.5668
6.5582666666666665
5.512533333333334
6.595866666666667
6.566133333333333
8.641866666666667
9.0976
5.992533333333333
5.55
7.847066666666667
7.1628
7.734133333333333
9.1468
5.1348
5.886133333333333
5.577866666666667
6.422533333333333
5.088933333333333
6.854533333333333
6.139466666666666
4.6068
5.591466666666666
8.197466666666667
5.029866666666667
6.626266666666667
4.344266666666667
6.323066666666667
3.9244
6.407733333333334
5.871733333333333
4.6876
5.852133333333334
7.074133333333333
5.1276
4.7972
6.162533333333333
6.713466666666666
4.900266666666667
4.860533333333334
5.396
4.071066666666667
4.7732
4.222133333333334
5.831466666666667
5.454133333333333
3.9994666666666667
4.2792
4.1668
4.359466666666667
4.7636
5.5098666666666665
4.2384
6.373866666666666
3.8226666666666667
6.519333333333333
4.1264
3.655466666666667
4.080933333333333
3.969333333333333
3.9544
4.9156
4.041066666666667
3.8312
6.195733333333333
4.193733333333333
4.9093333333333335
4.206533333333334
3.878
5.306933333333333
5.423333333333333
3.6409333333333334
5.546133333333334
4.237866666666666
4.0548
3.8069333333333333
3.9472
4.722666666666667
3.7549333333333332
4.138
4.1462666666666665
4.0904
4.9004
5.0628
