4.589444444444444
4.526111111111112
4.794583333333334
5.284675925925926
4.254120370370371
4.422129629629629
5.253657407407407
4.555370370370371
4.83875
3.8922222222222222
5.658564814814815
4.2965740740740745
4.088888888888889
4.628333333333333
4.105601851851851
4.230601851851851
4.007407407407407
4.116898148148148
4.057777777777778
3.793564814814815
4.852268518518518
3.7937962962962963
4.372222222222222
3.8029166666666665
3.535
3.721064814814815
3.7306481481481484
3.628333333333333
3.568148148148148
3.531527777777778
3.4424074074074076
3.551111111111111
3.630092592592593
3.347361111111111
3.2979166666666666
4.051296296296297
3.4961111111111114
3.4850925925925926
3.545694444444444
4.205046296296296
3.6759259259259256
3.5241203703703707
3.285277777777778
2.930601851851852
3.416898148148148
3.398148148148148
3.8036111111111115
3.2137962962962963
4.3973611111111115
3.5786574074074076
3.0098611111111113
3.1893981481481477
3.087175925925926
3.162777777777778
3.7188888888888885
3.1815277777777777
3.6437037037037037
2.958101851851852
2.9100925925925925
2.976296296296296
3.857824074074074
2.7570833333333336
2.906435185185185
2.869861111111111
2.8987037037037036
2.92
3.1605555555555553
2.961898148148148
2.8031944444444443
2.6970833333333335
2.786388888888889
3.5641203703703703
3.0814351851851853
2.76875
2.758796296296296
2.6369444444444445
2.8264814814814816
3.308194444444444
2.694583333333333
2.6734722222222222
3.2560648148148146
2.5992129629629632
2.7241203703703705
2.572916666666667
2.613796296296296
3.057685185185185
3.2374537037037037
2.5575462962962963
2.8325
3.1508333333333334
2.51412037037037
2.5020833333333337
2.6552777777777776
3.482222222222222
2.5431481481481484
2.709953703703704
2.736527777777778
2.5389351851851854
3.122222222222222
3.1556944444444444
