20968
21233
21099
26089
20809
24564
23481
20825
18421
18098
26290
23018
19841
19057
22935
22371
17676
19293
21374
16496
23866
17122
20080
19702
17460
19641
19751
17965
18421
16961
15670
18560
17290
14503
15159
18228
17485
16698
18148
20500
18270
16820
16907
14297
17855
17230
20533
14002
31396
16754
14304
15501
14153
14526
16605
13777
19626
15970
14855
16285
19146
14298
13397
16143
14353
13933
14789
15948
12246
13025
16096
17434
14020
13580
13729
13875
14363
16987
14841
12220
17175
11880
12333
11276
12362
13844
17543
9853
13472
16537
13103
12275
14781
14618
13626
13516
12483
12365
16113
16421
