5.5744444444444445
4.83037037037037
6.081111111111111
7.033518518518519
4.315185185185185
4.777962962962963
7.714814814814815
5.006481481481481
6.53574074074074
4.386296296296297
7.961111111111111
4.458888888888889
4.917407407407407
5.736666666666666
3.9631481481481483
5.03537037037037
4.725555555555555
4.759074074074074
4.608888888888889
4.800185185185185
5.627407407407407
4.747222222222222
5.33925925925926
3.8964814814814814
3.8312962962962964
4.04
4.209444444444444
4.040925925925926
4.250740740740741
3.6757407407407405
4.404259259259259
3.607962962962963
4.185370370370371
4.067962962962963
3.305925925925926
5.14
4.185740740740741
4.332962962962963
3.8464814814814816
5.118888888888889
4.2225925925925925
4.680370370370371
4.0381481481481485
3.5483333333333333
3.408333333333333
3.799259259259259
4.272407407407408
3.848148148148148
4.852962962962963
3.9768518518518516
3.196111111111111
3.852962962962963
3.412962962962963
4.179814814814815
4.975
3.9855555555555555
4.332037037037037
3.054074074074074
3.2268518518518516
3.4518518518518517
4.202407407407407
3.4092592592592594
3.3938888888888887
3.484814814814815
3.468148148148148
3.487962962962963
4.0307407407407405
3.861111111111111
3.0596296296296295
3.028703703703704
2.8872222222222224
4.16574074074074
4.017777777777778
2.8733333333333335
2.9174074074074072
3.0137037037037038
3.330925925925926
4.137407407407407
3.126851851851852
3.1238888888888887
3.604814814814815
3.212037037037037
3.3366666666666664
2.9344444444444444
3.292962962962963
3.989259259259259
3.6203703703703702
2.8875925925925925
3.135
3.239259259259259
3.039814814814815
2.7001851851851852
2.7288888888888887
4.5488888888888885
2.8433333333333333
3.3068518518518517
3.417037037037037
3.4651851851851854
4.0468518518518515
3.667222222222222
