5.110185185185185
5.443333333333333
5.07537037037037
5.797777777777778
5.178888888888889
4.818888888888889
5.202222222222222
6.057777777777778
6.032592592592593
4.142962962962963
6.59462962962963
5.010740740740741
4.4148148148148145
5.360185185185185
4.897407407407408
4.05037037037037
4.363333333333333
4.550185185185185
4.914074074074074
4.342222222222222
5.388888888888889
4.003703703703704
5.391851851851852
4.71
3.99
4.205
4.152037037037037
3.830740740740741
4.00037037037037
4.375
3.9096296296296296
3.8744444444444444
4.217407407407407
3.828148148148148
4.03
4.7898148148148145
3.6394444444444445
3.9266666666666667
4.069444444444445
4.827037037037037
4.342222222222222
3.406111111111111
3.602037037037037
3.093888888888889
3.5874074074074076
3.9994444444444444
4.002037037037037
3.570925925925926
3.8533333333333335
4.33037037037037
3.406111111111111
3.4496296296296296
3.556111111111111
3.4433333333333334
4.0001851851851855
3.256851851851852
3.865925925925926
3.1246296296296294
3.37
3.366296296296296
4.255
2.8675925925925925
3.6618518518518517
3.063888888888889
2.953333333333333
3.189814814814815
3.3003703703703704
2.9564814814814815
2.9701851851851853
2.9677777777777776
3.0787037037037037
3.704814814814815
3.073148148148148
3.150185185185185
3.2581481481481482
2.8251851851851852
3.048888888888889
3.560925925925926
2.966851851851852
2.885925925925926
3.2648148148148146
3.1172222222222223
3.1524074074074075
3.167777777777778
2.9585185185185185
3.10462962962963
3.592037037037037
3.6355555555555554
3.277222222222222
3.187962962962963
2.5657407407407407
2.686111111111111
2.694259259259259
3.745
2.986111111111111
3.1992592592592595
3.068888888888889
2.532037037037037
3.3035185185185183
3.303703703703704
