-18288.0
-17264.0
-19987.0
-18562.0
-17584.0
-17031.0
-18610.0
-17989.0
-15772.0
-17220.0
-15711.0
-16111.0
-15445.0
-17535.0
-16856.0
-16434.0
-14703.0
-15327.0
-15227.0
-14599.0
-16400.0
-15086.0
-13905.0
-14925.0
-13755.0
-13293.0
-15464.0
-14643.0
-11598.0
-14910.0
-12137.0
-13877.0
-12888.0
-12362.0
-12361.0
-11474.0
-12661.0
-12530.0
-13479.0
-14036.0
-12451.0
-12081.0
-9760.0
-10625.0
-14511.0
-11520.0
-13097.0
-12224.0
-13182.0
-10264.0
-11901.0
-12900.0
-13056.0
-10781.0
-14137.0
-11199.0
-10680.0
-11172.0
-9501.0
-10993.0
-12389.0
-9679.0
-10759.0
-9454.0
-11506.0
-9970.0
-11078.0
-9061.0
-12251.0
-9218.0
-9006.0
-11272.0
-11066.0
-9756.0
-10085.0
-8621.0
-10245.0
-9028.0
-9573.0
-9705.0
-11069.0
-9280.0
-8971.0
-10135.0
-7428.0
-8539.0
-9470.0
-9201.0
-7840.0
-12093.0
-8746.0
-9343.0
-9075.0
-11207.0
-8950.0
-9597.0
-8734.0
-8924.0
-8585.0
-8569.0
