99132
97764
103563
114149
91889
95518
113479
98396
104517
84072
122225
92806
88320
99972
88681
91381
86560
88925
87648
81941
104809
81946
94440
82143
76356
80375
80582
78372
77072
76281
74356
76704
78410
72303
71235
87508
75516
75278
76587
90829
79400
76121
70962
63301
73805
73400
82158
69418
94983
77299
65013
68891
66683
68316
80328
68721
78704
63895
62858
64288
83329
59553
62779
61989
62612
63072
68268
63977
60549
58257
60186
76985
66559
59805
59590
56958
61052
71457
58203
57747
70331
56143
58841
55575
56458
66046
69929
55243
61182
68058
54305
54045
57354
75216
54932
58535
59109
54841
67440
68163
