-24815.0
-21833.0
-26695.0
-33176.0
-21946.0
-23539.0
-34494.0
-24122.0
-30197.0
-17718.0
-36112.0
-19942.0
-19227.0
-25707.0
-22043.0
-21765.0
-18643.0
-20125.0
-19891.0
-18696.0
-20682.0
-18562.0
-19941.0
-17081.0
-14791.0
-15536.0
-18513.0
-17238.0
-17135.0
-14819.0
-16798.0
-13482.0
-18010.0
-16577.0
-13175.0
-16751.0
-16094.0
-15110.0
-15486.0
-16372.0
-15158.0
-17476.0
-14446.0
-12013.0
-14390.0
-15757.0
-16162.0
-14618.0
-29498.0
-12857.0
-11899.0
-13166.0
-12220.0
-15646.0
-13613.0
-14537.0
-14728.0
-13884.0
-11640.0
-12440.0
-15020.0
-12430.0
-12118.0
-11027.0
-11881.0
-12461.0
-13750.0
-12738.0
-10862.0
-11777.0
-10954.0
-14546.0
-11875.0
-11270.0
-11630.0
-11893.0
-12458.0
-14080.0
-10905.0
-10596.0
-11947.0
-10621.0
-11273.0
-9307.0
-12294.0
-12401.0
-12456.0
-9575.0
-9577.0
-10685.0
-10161.0
-9251.0
-11728.0
-14226.0
-11112.0
-9881.0
-12480.0
-12149.0
-11385.0
-11978.0
