3.790185185185185
3.8987037037037036
4.114629629629629
3.476111111111111
3.668888888888889
3.542777777777778
3.7492592592592593
3.3007407407407405
3.3753703703703706
3.688148148148148
3.21
3.454074074074074
3.349074074074074
3.8874074074074074
3.31462962962963
3.693888888888889
3.6674074074074072
3.5855555555555556
2.75
2.977037037037037
3.973148148148148
3.2535185185185185
3.0392592592592593
2.9566666666666666
3.0853703703703705
3.002037037037037
2.9035185185185184
3.314814814814815
2.6101851851851854
2.9344444444444444
2.553888888888889
3.285
2.9157407407407407
2.8075925925925924
3.0485185185185184
2.899814814814815
2.9212962962962963
2.5885185185185184
2.906111111111111
3.077962962962963
2.7555555555555555
2.895185185185185
2.37
2.4325925925925924
3.3653703703703703
2.603148148148148
3.1375925925925925
2.843148148148148
3.069074074074074
2.9048148148148147
2.7883333333333336
2.5844444444444443
2.758703703703704
2.337962962962963
2.8253703703703703
2.9324074074074074
2.7424074074074074
2.696296296296296
2.2925925925925927
2.071296296296296
3.4283333333333332
2.1037037037037036
2.089074074074074
1.9412962962962963
2.5153703703703703
2.422037037037037
2.5724074074074075
2.0766666666666667
2.915185185185185
2.379814814814815
2.198888888888889
3.1574074074074074
2.6385185185185187
2.5366666666666666
2.317222222222222
2.1394444444444445
2.2662962962962965
2.3887037037037038
1.9362962962962964
2.421111111111111
2.974074074074074
1.8675925925925927
2.1235185185185186
2.1012962962962964
1.9144444444444444
2.573148148148148
2.488703703703704
1.8824074074074073
2.4229629629629628
3.113703703703704
2.0244444444444443
2.348888888888889
2.4607407407407407
2.927962962962963
1.8198148148148148
1.8307407407407408
2.1485185185185185
1.8687037037037038
2.1546296296296297
2.610925925925926
