-21596.0
-21279.0
-21783.0
-23929.0
-18358.0
-20980.0
-24567.0
-19780.0
-18177.0
-16867.0
-25493.0
-20808.0
-18807.0
-18892.0
-17081.0
-18769.0
-17085.0
-17697.0
-16792.0
-15189.0
-20511.0
-15346.0
-17909.0
-16334.0
-15080.0
-16277.0
-16106.0
-15268.0
-17365.0
-15776.0
-12904.0
-15282.0
-15612.0
-14116.0
-13214.0
-15015.0
-15133.0
-12282.0
-16163.0
-15178.0
-11585.0
-14640.0
-14034.0
-12678.0
-16518.0
-14192.0
-17244.0
-12804.0
-22422.0
-12987.0
-12563.0
-12980.0
-11998.0
-11769.0
-15816.0
-11638.0
-13168.0
-10877.0
-11036.0
-11061.0
-13725.0
-10462.0
-11437.0
-11669.0
-10451.0
-10656.0
-12961.0
-12119.0
-9919.0
-9876.0
-11932.0
-13400.0
-13303.0
-9535.0
-11034.0
-10588.0
-11449.0
-12760.0
-10664.0
-10937.0
-11177.0
-9119.0
-10181.0
-9159.0
-10996.0
-11486.0
-12469.0
-7840.0
-10227.0
-11501.0
-9003.0
-9288.0
-10874.0
-11004.0
-9870.0
-10192.0
-10726.0
-8640.0
-11148.0
-9683.0
