-22264.0
-24965.0
-22702.0
-28238.0
-21579.0
-22904.0
-24164.0
-25788.0
-27416.0
-18388.0
-28306.0
-22920.0
-18300.0
-25948.0
-20718.0
-18948.0
-19254.0
-17370.0
-21526.0
-17833.0
-21845.0
-16868.0
-19761.0
-19981.0
-17210.0
-15839.0
-17348.0
-15836.0
-14756.0
-16622.0
-17009.0
-15187.0
-17560.0
-15366.0
-14273.0
-17177.0
-14412.0
-15917.0
-15499.0
-18368.0
-13963.0
-16024.0
-13586.0
-11332.0
-14082.0
-17050.0
-13580.0
-14120.0
-18989.0
-14975.0
-12993.0
-14667.0
-14711.0
-11927.0
-13785.0
-15436.0
-13263.0
-13558.0
-11260.0
-12588.0
-15202.0
-10506.0
-11831.0
-12367.0
-11644.0
-10374.0
-12431.0
-10903.0
-12688.0
-10088.0
-10833.0
-13477.0
-14609.0
-11339.0
-10932.0
-10579.0
-11471.0
-11515.0
-9173.0
-10633.0
-11918.0
-11329.0
-11061.0
-12111.0
-9452.0
-11591.0
-10721.0
-12094.0
-10190.0
-11123.0
-10229.0
-11198.0
-9840.0
-11605.0
-9882.0
-9505.0
-10498.0
-10041.0
-11441.0
-9399.0
