27595
29394
27407
31308
27966
26022
28092
32712
32576
22372
35611
27058
23840
28945
26446
21872
23562
24571
26536
23448
29100
21620
29116
25434
21546
22707
22421
20686
21602
23625
21112
20922
22774
20672
21762
25865
19653
21204
21975
26066
23448
18393
19451
16707
19372
21597
21611
19283
20808
23384
18393
18628
19203
18594
21601
17587
20876
16873
18198
18178
22977
15485
19774
16545
15948
17225
17822
15965
16039
16026
16625
20006
16595
17011
17594
15256
16464
19229
16021
15584
17630
16833
17023
17106
15976
16765
19397
19632
17697
17215
13855
14505
14549
20223
16125
17276
16572
13673
17839
17840
