30102
26084
32838
37981
23302
25801
41660
27035
35293
23686
42990
24078
26554
30978
21401
27191
25518
25699
24888
25921
30388
25635
28832
21041
20689
21816
22731
21821
22954
19849
23783
19483
22601
21967
17852
27756
22603
23398
20771
27642
22802
25274
21806
19161
18405
20516
23071
20780
26206
21475
17259
20806
18430
22571
26865
21522
23393
16492
17425
18640
22693
18410
18327
18818
18728
18835
21766
20850
16522
16355
15591
22495
21696
15516
15754
16274
17987
22342
16885
16869
19466
17345
18018
15846
17782
21542
19550
15593
16929
17492
16415
14581
14736
24564
15354
17857
18452
18712
21853
19803
