20467
21053
22219
18771
19812
19131
20246
17824
18227
19916
17334
18652
18085
20992
17899
19947
19804
19362
14850
16076
21455
17569
16412
15966
16661
16211
15679
17900
14095
15846
13791
17739
15745
15161
16462
15659
15775
13978
15693
16621
14880
15634
12798
13136
18173
14057
16943
15353
16573
15686
15057
13956
14897
12625
15257
15835
14809
14560
12380
11185
18513
11360
11281
10483
13583
13079
13891
11214
15742
12851
11874
17050
14248
13698
12513
11553
12238
12899
10456
13074
16060
10085
11467
11347
10338
13895
13439
10165
13084
16814
10932
12684
13288
15811
9827
9886
11602
10091
11635
14099
