3.882962962962963
3.932037037037037
3.9072222222222224
4.831296296296296
3.8535185185185186
4.5488888888888885
4.348333333333334
3.8564814814814814
3.4112962962962965
3.3514814814814815
4.868518518518519
4.2625925925925925
3.674259259259259
3.529074074074074
4.247222222222222
4.142777777777778
3.2733333333333334
3.5727777777777776
3.958148148148148
3.0548148148148146
4.41962962962963
3.1707407407407406
3.7185185185185183
3.6485185185185185
3.2333333333333334
3.6372222222222224
3.6575925925925925
3.3268518518518517
3.4112962962962965
3.140925925925926
2.901851851851852
3.437037037037037
3.2018518518518517
2.6857407407407408
2.8072222222222223
3.3755555555555556
3.237962962962963
3.0922222222222224
3.3607407407407406
3.7962962962962963
3.3833333333333333
3.1148148148148147
3.130925925925926
2.6475925925925927
3.3064814814814816
3.1907407407407407
3.8024074074074075
2.592962962962963
5.814074074074074
3.102592592592593
2.648888888888889
2.8705555555555557
2.620925925925926
2.69
3.075
2.551296296296296
3.6344444444444446
2.9574074074074073
2.7509259259259258
3.015740740740741
3.5455555555555556
2.647777777777778
2.4809259259259258
2.9894444444444446
2.657962962962963
2.580185185185185
2.738703703703704
2.953333333333333
2.267777777777778
2.412037037037037
2.9807407407407407
3.2285185185185186
2.596296296296296
2.5148148148148146
2.5424074074074072
2.5694444444444446
2.6598148148148146
3.1457407407407407
2.7483333333333335
2.262962962962963
3.1805555555555554
2.2
2.283888888888889
2.0881481481481483
2.2892592592592593
2.5637037037037036
3.2487037037037036
1.8246296296296296
2.4948148148148146
3.0624074074074072
2.4264814814814817
2.2731481481481484
2.737222222222222
2.707037037037037
2.5233333333333334
2.502962962962963
2.3116666666666665
2.289814814814815
2.983888888888889
3.040925925925926
