66.03342592592593
40.32782407407407
38.90328703703703
40.23342592592592
35.174490740740744
35.588287037037034
65.3412037037037
38.09180555555556
40.859212962962964
40.63722222222222
63.37361111111112
39.029074074074074
42.81296296296296
66.70180555555555
67.08625
38.48518518518519
36.858518518518515
38.36430555555556
39.6761574074074
37.31064814814815
64.40092592592593
36.95981481481482
65.28421296296297
65.02208333333334
37.94851851851852
33.772453703703704
66.685
63.08060185185185
63.40939814814814
65.43467592592593
37.83939814814815
35.58921296296296
65.1861111111111
37.095879629629636
40.43078703703704
64.39217592592593
39.025787037037034
39.067962962962966
68.96759259259258
66.12194444444445
62.4688425925926
64.82069444444444
36.79537037037037
61.70333333333333
39.68217592592593
67.12689814814816
63.36518518518519
34.6911574074074
68.66462962962963
66.00152777777778
35.81861111111111
35.12134259259259
62.61685185185185
62.063472222222224
66.41111111111111
40.20828703703704
62.54712962962962
38.450833333333335
38.43361111111111
34.41171296296296
64.35351851851851
67.71736111111112
39.615648148148146
35.507407407407406
37.05759259259259
36.545138888888886
38.70125
66.61152777777778
37.075879629629625
66.11398148148149
40.57986111111111
62.62472222222222
37.42564814814815
36.62842592592593
35.748333333333335
37.38472222222222
39.249212962962964
65.99055555555556
35.46439814814815
35.06111111111111
69.02537037037037
38.32333333333333
66.13569444444445
41.51907407407408
41.80157407407408
66.43662037037036
67.04495370370371
40.94060185185185
64.865
66.28810185185185
41.475972222222225
34.4837037037037
37.0175
68.78546296296297
40.83430555555556
36.15541666666667
38.21199074074074
34.45203703703704
63.95527777777777
63.48064814814815
