-404368.0
-237477.0
-213852.0
-248911.0
-226607.0
-187723.0
-382996.0
-214249.0
-242980.0
-249971.0
-398843.0
-216232.0
-290434.0
-397372.0
-364890.0
-224275.0
-191825.0
-218094.0
-244256.0
-241290.0
-376922.0
-203001.0
-402131.0
-379373.0
-203379.0
-194162.0
-383759.0
-347163.0
-377272.0
-390527.0
-215852.0
-221620.0
-390069.0
-213660.0
-209785.0
-413369.0
-264541.0
-230988.0
-441954.0
-393878.0
-376079.0
-394808.0
-201762.0
-370716.0
-233795.0
-390747.0
-365216.0
-167983.0
-395497.0
-391525.0
-215845.0
-195472.0
-360905.0
-360150.0
-417406.0
-233217.0
-407409.0
-250186.0
-211503.0
-211676.0
-400926.0
-412101.0
-242054.0
-222774.0
-219302.0
-225888.0
-220503.0
-427338.0
-214809.0
-389519.0
-256668.0
-394894.0
-223553.0
-217542.0
-218138.0
-220455.0
-214695.0
-434415.0
-200371.0
-175763.0
-396003.0
-204450.0
-396468.0
-248667.0
-238682.0
-396988.0
-396947.0
-208957.0
-372736.0
-411491.0
-238833.0
-192638.0
-213829.0
-426644.0
-198257.0
-192989.0
-213154.0
-193179.0
-360681.0
-385258.0
