-417004.0
-245681.0
-258065.0
-209317.0
-200900.0
-211393.0
-404865.0
-215703.0
-237760.0
-210786.0
-364531.0
-222080.0
-269194.0
-401626.0
-435784.0
-253355.0
-192434.0
-221729.0
-218753.0
-207609.0
-383669.0
-231815.0
-367685.0
-402265.0
-218429.0
-189983.0
-426474.0
-414477.0
-379847.0
-407579.0
-212477.0
-190730.0
-412590.0
-226076.0
-237446.0
-369764.0
-236883.0
-224340.0
-401247.0
-383946.0
-410172.0
-350813.0
-221098.0
-367849.0
-212946.0
-389039.0
-395053.0
-211024.0
-404069.0
-399459.0
-202903.0
-204207.0
-403858.0
-402207.0
-386354.0
-236790.0
-383208.0
-244255.0
-219887.0
-204254.0
-372663.0
-412979.0
-229346.0
-187944.0
-182476.0
-194650.0
-237334.0
-419360.0
-191833.0
-402003.0
-269897.0
-328242.0
-225534.0
-207309.0
-199280.0
-215618.0
-225514.0
-394845.0
-225521.0
-209921.0
-491768.0
-231459.0
-400747.0
-246982.0
-256104.0
-433620.0
-432383.0
-251577.0
-419847.0
-409178.0
-259898.0
-219687.0
-210998.0
-410451.0
-269720.0
-216375.0
-216778.0
-221105.0
-392838.0
-406873.0
