50.97796296296296
26.92351851851852
27.615555555555556
26.913703703703703
23.455555555555556
28.992962962962963
51.01166666666666
28.463333333333335
25.187037037037037
38.803518518518516
40.316296296296294
30.96148148148148
19.873148148148147
55.79296296296296
60.56981481481481
32.26555555555556
36.12
32.357592592592596
29.12462962962963
27.690185185185186
53.54796296296296
28.50314814814815
50.12611111111111
54.575
31.954814814814814
20.20740740740741
50.94814814814815
47.64925925925926
50.422037037037036
45.242407407407406
32.76592592592593
28.16037037037037
56.043703703703706
23.505370370370372
44.790925925925926
43.612037037037034
28.33037037037037
27.039444444444445
52.09574074074074
62.43351851851852
50.035
55.370370370370374
30.999074074074073
53.37444444444444
31.246666666666666
51.736111111111114
50.543703703703706
27.48203703703704
55.318518518518516
64.1361111111111
25.718888888888888
22.60962962962963
55.69425925925926
47.733518518518515
46.364444444444445
31.572222222222223
44.98037037037037
23.07925925925926
32.336481481481485
19.444074074074074
44.4787037037037
47.62388888888889
30.086111111111112
28.39648148148148
31.144074074074073
20.276666666666667
29.11111111111111
50.59685185185185
30.489814814814814
57.62685185185185
29.84425925925926
36.69814814814815
23.199814814814815
25.152962962962963
19.977222222222224
30.169814814814814
33.04666666666667
45.64351851851852
28.037037037037038
23.054074074074073
52.71981481481482
27.688703703703705
51.70777777777778
30.529814814814817
26.69462962962963
61.84888888888889
51.82
40.864444444444445
49.56333333333333
51.61833333333333
30.837962962962962
23.668703703703702
31.43
49.23462962962963
33.11518518518518
30.30388888888889
27.02611111111111
24.930555555555557
53.797777777777775
56.75425925925926
