473997
318703
315973
264770
248384
249938
439797
258242
286617
218591
469111
273233
321758
436163
504653
321797
229626
292447
270581
228926
488550
333866
422212
453683
254663
228311
525736
493544
447335
487489
246307
213505
434993
270878
208811
422773
276393
274110
507142
431443
425255
363820
272680
371872
275496
497786
477704
245470
472069
408089
219821
250556
465504
460189
452161
284845
430784
286586
260421
241959
471234
478862
275702
207456
202848
232467
269315
473978
219227
494943
330932
381306
274188
245632
275541
214828
276195
446236
297839
271561
619591
298223
470611
281519
323370
462836
485931
302388
520377
493935
326622
300467
216967
480935
356891
262422
258453
267303
459899
405385
