87.77722222222222
59.01907407407408
58.51351851851852
49.03148148148148
45.99703703703704
46.284814814814816
81.44388888888889
47.82259259259259
53.077222222222225
40.479814814814816
86.87240740740741
50.598703703703706
59.58481481481481
80.77092592592592
93.45425925925926
59.59203703703704
42.52333333333333
54.156851851851854
50.107592592592596
42.39370370370371
90.47222222222223
61.82703703703704
78.1874074074074
84.01537037037038
47.159814814814816
42.27981481481481
97.35851851851852
91.39703703703704
82.83981481481482
90.27574074074074
45.61240740740741
39.537962962962965
80.55425925925925
50.162592592592596
38.668703703703706
78.2912962962963
51.18388888888889
50.76111111111111
93.91518518518518
79.89685185185185
78.75092592592593
67.37407407407407
50.49629629629629
68.86518518518518
51.01777777777778
92.1825925925926
88.4637037037037
45.45740740740741
87.42018518518519
75.57203703703703
40.70759259259259
46.39925925925926
86.20444444444445
85.22018518518519
83.73351851851852
52.74907407407407
79.77481481481482
53.071481481481484
48.22611111111111
44.80722222222222
87.26555555555555
88.67814814814815
51.055925925925926
38.41777777777778
37.56444444444445
43.04944444444445
49.87314814814815
87.7737037037037
40.59759259259259
91.65611111111112
61.2837037037037
70.61222222222223
50.775555555555556
45.48740740740741
51.02611111111111
39.78296296296296
51.147222222222226
82.6362962962963
55.15537037037037
50.28907407407407
114.73907407407407
55.22648148148148
87.15018518518518
52.133148148148145
59.88333333333333
85.71037037037037
89.98722222222223
55.99777777777778
96.36611111111111
91.46944444444445
60.48555555555556
55.642037037037035
40.17907407407407
89.06203703703704
66.09092592592593
48.596666666666664
47.861666666666665
49.50055555555556
85.16648148148148
75.0712962962963
