1426322
871081
840311
869042
759769
768707
1411370
822783
882559
877764
1368870
843028
924760
1440759
1449063
831280
796144
828669
857005
805910
1391060
798332
1410139
1404477
819688
729485
1440396
1362541
1369643
1413389
817331
768727
1408020
801271
873305
1390871
842957
843868
1489700
1428234
1349327
1400127
794780
1332792
857135
1449941
1368688
749329
1483156
1425633
773682
758621
1352524
1340571
1434480
868499
1351018
830538
830166
743293
1390036
1462695
855698
766960
800444
789375
835947
1438809
800839
1428062
876525
1352694
808394
791174
772164
807510
847783
1425396
766031
757320
1490948
827784
1428531
896812
902914
1435031
1448171
884317
1401084
1431823
895881
744848
799578
1485766
882021
780957
825379
744164
1381434
1371182
