438888
258924
266720
281605
251670
230158
433238
269951
312798
245594
423787
297965
341661
417260
349314
225746
237995
214587
262601
268735
398305
180935
405425
393626
224237
242006
384051
390892
403316
460662
235732
261638
404825
239607
261666
464455
285257
229260
423873
405044
460450
473945
206939
446339
263784
373472
377043
205459
444494
431355
273012
267252
365065
358333
442325
282116
485499
277576
233267
261420
433036
502401
252787
252111
229901
272419
284345
461675
243522
369799
265380
425153
281126
263846
221978
287224
204287
482152
212428
216695
409233
204759
464880
255065
286129
460315
382726
211571
429301
476112
216157
181087
242858
460970
221088
230769
272391
228460
374521
466662
