238156
148067
108494
177333
133055
132049
262872
140888
147134
204040
258264
104638
154026
286054
268019
109503
133475
146904
166550
158722
215046
129614
311821
262463
168232
150048
255489
220799
246713
220929
158356
141518
265566
163857
160957
268138
128323
194485
277368
254606
193433
263362
147766
226359
149123
299308
241005
149997
267873
239854
141967
118721
221206
264288
289626
131048
191841
141748
161861
134916
245581
224263
164744
154052
199517
174995
125087
229933
173445
252135
119054
348065
127801
145870
166768
142541
188849
250533
104364
144572
177437
175283
213818
195367
149264
177896
299686
149690
183764
183037
186577
135483
170031
277994
125220
124125
148594
113776
256506
192662
