44.10296296296296
27.419814814814814
20.09148148148148
32.839444444444446
24.639814814814816
24.453518518518518
48.68
26.09037037037037
27.247037037037035
37.785185185185185
47.82666666666667
19.377407407407407
28.523333333333333
52.97296296296296
49.633148148148145
20.278333333333332
24.71759259259259
27.204444444444444
30.84259259259259
29.39296296296296
39.82333333333333
24.002592592592592
57.74462962962963
48.60425925925926
31.154074074074074
27.786666666666665
47.312777777777775
40.888703703703705
45.687592592592594
40.91277777777778
29.325185185185184
26.207037037037036
49.17888888888889
30.343888888888888
29.806851851851853
49.65518518518518
23.76351851851852
36.01574074074074
51.364444444444445
47.14925925925926
35.82092592592593
48.77074074074074
27.364074074074075
41.91833333333334
27.61537037037037
55.42740740740741
44.63055555555555
27.77722222222222
49.60611111111111
44.41740740740741
26.290185185185184
21.98537037037037
40.96407407407408
48.94222222222222
53.63444444444445
24.26814814814815
35.52611111111111
26.24962962962963
29.97425925925926
24.984444444444446
45.47796296296296
41.53018518518518
30.50814814814815
28.528148148148148
36.94759259259259
32.40648148148148
23.16425925925926
42.58018518518519
32.11944444444445
46.69166666666667
22.047037037037036
64.45648148148148
23.666851851851852
27.012962962962963
30.882962962962964
26.39648148148148
34.97203703703704
46.395
19.326666666666668
26.77259259259259
32.8587037037037
32.45981481481481
39.595925925925926
36.17907407407407
27.64148148148148
32.943703703703704
55.49740740740741
27.72037037037037
34.03037037037037
33.89574074074074
34.55129629629629
25.089444444444446
31.487222222222222
51.48037037037037
23.18888888888889
22.98611111111111
27.517407407407408
21.06962962962963
47.50111111111111
35.678148148148146
