-263890.0
-160247.0
-117705.0
-167303.0
-142887.0
-134795.0
-279941.0
-157893.0
-168358.0
-183620.0
-278308.0
-136474.0
-175768.0
-287158.0
-257578.0
-116889.0
-124141.0
-132868.0
-161387.0
-151542.0
-256840.0
-131907.0
-313319.0
-260692.0
-155104.0
-146709.0
-263060.0
-227416.0
-258754.0
-252757.0
-159483.0
-150917.0
-274678.0
-153812.0
-148249.0
-287637.0
-142990.0
-166682.0
-301215.0
-263333.0
-224022.0
-296296.0
-134559.0
-265074.0
-168856.0
-295750.0
-244206.0
-137873.0
-303915.0
-278382.0
-149177.0
-142884.0
-245576.0
-267782.0
-307499.0
-155066.0
-259339.0
-144727.0
-157450.0
-136876.0
-277312.0
-290056.0
-169289.0
-165837.0
-185203.0
-169417.0
-140338.0
-266792.0
-161539.0
-267502.0
-124817.0
-319957.0
-143270.0
-138899.0
-163015.0
-163185.0
-161585.0
-274286.0
-106746.0
-137555.0
-221873.0
-152257.0
-257473.0
-180488.0
-167241.0
-241729.0
-275293.0
-144666.0
-224720.0
-232861.0
-166343.0
-115986.0
-160066.0
-305244.0
-127408.0
-127585.0
-154194.0
-112472.0
-258394.0
-218751.0
