-272594.0
-164637.0
-161841.0
-161198.0
-114921.0
-154280.0
-292355.0
-152938.0
-153635.0
-162971.0
-238205.0
-179524.0
-130785.0
-282626.0
-311862.0
-170413.0
-182382.0
-163967.0
-157144.0
-123155.0
-279025.0
-151424.0
-237098.0
-288305.0
-163429.0
-118914.0
-268525.0
-264234.0
-256477.0
-262104.0
-163451.0
-132501.0
-282028.0
-141062.0
-217651.0
-216670.0
-147582.0
-140075.0
-285856.0
-287167.0
-268651.0
-271526.0
-169140.0
-238346.0
-168457.0
-285825.0
-267930.0
-149837.0
-315756.0
-281323.0
-140457.0
-122002.0
-259935.0
-240744.0
-247637.0
-165183.0
-241813.0
-122920.0
-163559.0
-112247.0
-241061.0
-243220.0
-145713.0
-132064.0
-144811.0
-112923.0
-170096.0
-245536.0
-145093.0
-291198.0
-162221.0
-220443.0
-145897.0
-133785.0
-125725.0
-146879.0
-169891.0
-251611.0
-155585.0
-152440.0
-305618.0
-172257.0
-259780.0
-154927.0
-164969.0
-277320.0
-272993.0
-200629.0
-271863.0
-280929.0
-169768.0
-132957.0
-159509.0
-273184.0
-208845.0
-161680.0
-170010.0
-140131.0
-309283.0
-257763.0
