275281
145387
149124
145334
126660
156562
275463
153702
136010
209539
217708
167192
107315
301282
327077
174234
195048
174731
157273
149527
289159
153917
270681
294705
172556
109120
275120
257306
272279
244309
176936
152066
302636
126929
241871
235505
152984
146013
281317
337141
270189
299000
167395
288222
168732
279375
272936
148403
298720
346335
138882
122092
300749
257761
250368
170490
242894
124628
174617
104998
240185
257169
162465
153341
168178
109494
157200
273223
164645
311185
161159
198170
125279
135826
107877
162917
178452
246475
151400
124492
284687
149519
279222
164861
144151
333984
279828
220668
267642
278739
166525
127811
169722
265867
178822
163641
145941
134625
290508
306473
