81.27555555555556
47.94888888888889
49.39259259259259
52.14907407407407
46.605555555555554
42.62185185185185
80.22925925925927
49.99092592592593
57.925555555555555
45.48037037037037
78.47907407407408
55.178703703703704
63.27055555555555
77.27037037037037
64.68777777777778
41.80481481481481
44.07314814814815
39.73833333333334
48.629814814814814
49.76574074074074
73.76018518518518
33.50648148148148
75.07870370370371
72.89370370370371
41.52537037037037
44.815925925925924
71.12055555555555
72.38740740740741
74.68814814814814
85.30777777777777
43.654074074074074
48.45148148148148
74.9675925925926
44.37166666666667
48.45666666666666
86.01018518518518
52.82537037037037
42.455555555555556
78.495
75.00814814814815
85.26851851851852
87.76759259259259
38.322037037037035
82.65537037037036
48.84888888888889
69.16148148148149
69.82277777777777
38.04796296296296
82.31370370370371
79.88055555555556
50.55777777777778
49.49111111111111
67.60462962962963
66.35796296296296
81.91203703703704
52.2437037037037
89.90722222222222
51.40296296296296
43.19759259259259
48.41111111111111
80.19185185185185
93.03722222222223
46.812407407407406
46.687222222222225
42.57425925925926
50.44796296296296
52.65648148148148
85.49537037037037
45.096666666666664
68.48129629629629
49.144444444444446
78.73203703703703
52.06037037037037
48.86037037037037
41.10703703703704
53.18962962962963
37.830925925925925
89.28740740740741
39.33851851851852
40.12870370370371
75.7838888888889
37.91833333333334
86.08888888888889
47.23425925925926
52.98685185185185
85.24351851851851
70.87518518518519
39.17981481481481
79.50018518518519
88.16888888888889
40.029074074074074
33.53462962962963
44.973703703703706
85.36481481481482
40.94222222222222
42.735
50.44277777777778
42.30740740740741
69.35574074074074
86.41888888888889
