-22318.0
-33786.0
-29757.0
-38644.0
-32410.0
-21137.0
-22495.0
-23934.0
-15536.0
-24874.0
-16850.0
-19788.0
-25384.0
-18599.0
-20306.0
-21173.0
-15113.0
-20048.0
-18536.0
-14932.0
-19485.0
-25336.0
-19277.0
-20794.0
-22755.0
-13966.0
-21859.0
-20711.0
-17423.0
-18584.0
-15789.0
-11532.0
-17470.0
-15997.0
-13886.0
-14861.0
-16212.0
-13238.0
-17251.0
-14573.0
-14478.0
-13969.0
-14584.0
-16479.0
-11759.0
-11790.0
-16544.0
-13614.0
-14830.0
-13918.0
-12795.0
-11567.0
-12475.0
-15516.0
-16878.0
-12673.0
-11751.0
-10864.0
-11696.0
-11886.0
-12243.0
-10834.0
-14189.0
-9410.0
-12106.0
-9662.0
-10137.0
-10154.0
-8619.0
-10678.0
-10350.0
-10571.0
-9538.0
-9355.0
-10277.0
-9257.0
-9369.0
-10016.0
-8096.0
-8471.0
-8369.0
-8673.0
-8734.0
-7538.0
-9144.0
-6204.0
-8698.0
-8055.0
-8558.0
-6728.0
-6687.0
-6821.0
-7865.0
-7960.0
-7233.0
-6701.0
-7071.0
-7811.0
-7243.0
-6508.0
