35996
49240
44101
54321
46578
32850
34953
36950
27010
38056
28538
31901
37392
30426
33638
34118
25271
31073
29706
25640
31211
36417
33811
32358
35029
23746
33486
31562
28109
29348
26375
21938
28563
27334
24454
27841
28296
23223
27500
27125
24803
23801
24952
27498
21266
22095
27480
23140
25241
23916
23564
20377
21994
27114
29658
22717
23511
20818
21483
21970
23963
21445
23515
18082
21219
18557
19620
19331
17817
20560
20474
20102
18890
18843
18726
18269
17987
19103
17250
16895
18362
17337
17082
16367
17654
15725
18717
16858
17089
15349
14780
16374
16841
16783
16050
14191
16480
16792
18288
13852
