6.665925925925926
9.118518518518519
8.166851851851852
10.059444444444445
8.625555555555556
6.083333333333333
6.472777777777778
6.842592592592593
5.0018518518518515
7.047407407407407
5.284814814814815
5.907592592592593
6.924444444444444
5.634444444444444
6.229259259259259
6.318148148148148
4.679814814814815
5.75425925925926
5.501111111111111
4.7481481481481485
5.779814814814815
6.743888888888889
6.261296296296297
5.992222222222222
6.486851851851852
4.397407407407408
6.2011111111111115
5.844814814814815
5.20537037037037
5.434814814814815
4.8842592592592595
4.062592592592592
5.289444444444444
5.061851851851852
4.528518518518519
5.1557407407407405
5.24
4.3005555555555555
5.092592592592593
5.023148148148148
4.593148148148148
4.407592592592593
4.62074074074074
5.092222222222222
3.938148148148148
4.091666666666667
5.088888888888889
4.285185185185185
4.67425925925926
4.428888888888889
4.363703703703703
3.7735185185185185
4.072962962962963
5.021111111111111
5.492222222222222
4.206851851851852
4.353888888888889
3.855185185185185
3.9783333333333335
4.068518518518519
4.437592592592592
3.971296296296296
4.354629629629629
3.3485185185185187
3.9294444444444445
3.4364814814814815
3.6333333333333333
3.579814814814815
3.2994444444444446
3.8074074074074074
3.7914814814814815
3.7225925925925925
3.498148148148148
3.4894444444444446
3.4677777777777776
3.3831481481481482
3.330925925925926
3.5375925925925924
3.1944444444444446
3.1287037037037035
3.4003703703703705
3.2105555555555556
3.1633333333333336
3.030925925925926
3.2692592592592593
2.912037037037037
3.466111111111111
3.1218518518518517
3.1646296296296295
2.8424074074074075
2.737037037037037
3.0322222222222224
3.1187037037037038
3.107962962962963
2.9722222222222223
2.627962962962963
3.051851851851852
3.1096296296296297
3.3866666666666667
2.565185185185185
