109380
85987
83841
119038
119758
75847
70849
96913
100266
104424
80363
71707
77297
63413
70249
67847
69132
65085
55464
56602
64902
60144
77345
55726
55823
57148
54366
49470
54580
51959
51701
74489
54289
60141
55982
74949
59472
52398
54903
57740
58264
55685
47991
58869
49816
44923
53984
46259
60650
81878
43306
46466
42528
44884
63280
46862
49847
40988
39205
40421
52537
41044
42731
38541
41385
38007
37406
42576
39102
41581
40878
49111
38196
36803
41713
34403
39526
45615
33351
40531
42658
39306
37459
37342
37855
39766
47110
35721
40753
44451
34724
40686
36229
49855
36837
36839
36309
31283
39063
41979
