14.584
11.464933333333333
11.1788
15.871733333333333
15.967733333333333
10.112933333333334
9.446533333333333
12.921733333333334
13.3688
13.9232
10.715066666666667
9.560933333333333
10.306266666666666
8.455066666666667
9.366533333333333
9.046266666666666
9.2176
8.678
7.3952
7.5469333333333335
8.6536
8.0192
10.312666666666667
7.430133333333333
7.443066666666667
7.6197333333333335
7.2488
6.596
7.277333333333333
6.927866666666667
6.893466666666667
9.931866666666666
7.238533333333334
8.0188
7.464266666666667
9.9932
7.9296
6.9864
7.3204
7.698666666666667
7.768533333333333
7.424666666666667
6.3988
7.8492
6.642133333333334
5.989733333333334
7.197866666666667
6.167866666666667
8.086666666666666
10.917066666666667
5.774133333333333
6.1954666666666665
5.6704
5.984533333333333
8.437333333333333
6.248266666666667
6.6462666666666665
5.465066666666667
5.227333333333333
5.389466666666666
7.004933333333334
5.472533333333334
5.697466666666666
5.1388
5.518
5.0676
4.987466666666666
5.6768
5.2136
5.544133333333333
5.4504
6.548133333333333
5.0928
4.907066666666666
5.561733333333334
4.587066666666667
5.270133333333333
6.082
4.4468
5.404133333333333
5.687733333333333
5.2408
4.994533333333333
4.978933333333333
5.0473333333333334
5.302133333333333
6.281333333333333
4.7628
5.4337333333333335
5.9268
4.629866666666667
5.4248
4.830533333333333
6.647333333333333
4.9116
4.911866666666667
4.8412
4.1710666666666665
5.2084
5.5972
