-500951.0
-379866.0
-378112.0
-377834.0
-327629.0
-514454.0
-568391.0
-397120.0
-336367.0
-355249.0
-489378.0
-538651.0
-298670.0
-554729.0
-534888.0
-397377.0
-423128.0
-337852.0
-404974.0
-327955.0
-507093.0
-369110.0
-490730.0
-534050.0
-371419.0
-344986.0
-488573.0
-517538.0
-505465.0
-494025.0
-342665.0
-340481.0
-578918.0
-543916.0
-434148.0
-489322.0
-352089.0
-505243.0
-516933.0
-558319.0
-511263.0
-507004.0
-382492.0
-467933.0
-364187.0
-562813.0
-476324.0
-536155.0
-573102.0
-517122.0
-351261.0
-456805.0
-577085.0
-481404.0
-474550.0
-401375.0
-504175.0
-300610.0
-393803.0
-347584.0
-463505.0
-471503.0
-356176.0
-522105.0
-498817.0
-310518.0
-380630.0
-453321.0
-317922.0
-515351.0
-388245.0
-443397.0
-354575.0
-522828.0
-326713.0
-369506.0
-414319.0
-506992.0
-349763.0
-402362.0
-549994.0
-409911.0
-518203.0
-368104.0
-387129.0
-532274.0
-492396.0
-408596.0
-521153.0
-506550.0
-399737.0
-363278.0
-376386.0
-519321.0
-597641.0
-386085.0
-419357.0
-344781.0
-629766.0
-544201.0
