2732932
1917013
1958824
1995802
1857850
2606546
2680682
1926878
1981729
1995024
2676349
2765314
1908828
2775505
2716513
1979710
1911459
1880656
1969914
1923211
2700192
1968938
2767658
2704867
1865802
1819422
2705197
2677357
2620520
2717929
1958619
1874826
2746913
2728970
1987801
2697777
1929163
2792750
2814718
2742411
2664894
2636674
1898351
2584852
2007323
2795613
2634299
2693977
2810508
2704067
1859432
2691100
2756766
2665483
2733099
1996660
2682291
1885956
1903401
1833313
2716827
2821195
1916560
2685486
2705475
1911857
1851220
2746779
1863330
2732110
1966001
2668903
1944866
2751817
1860425
1896247
1958160
2715642
1916000
1813991
2833654
1923561
2743792
2057284
2008874
2732764
2795563
1945017
2656904
2727735
1982335
1846773
1896787
2722857
2817390
1946713
1936359
1781203
2772271
2682385
