860189
657514
692309
600447
558953
826220
855701
678027
628230
565900
872631
877742
616794
837590
971177
711538
611604
657757
670563
607929
951981
731524
783047
881546
609788
511462
906928
918772
802691
948966
637279
600445
984224
920361
528913
788486
641600
865327
904935
838461
884081
718608
662608
722987
635154
914901
912687
877424
924980
821108
609509
877378
902575
901372
853946
566267
844631
583298
639049
652707
832308
904125
650862
760520
777664
620034
559431
923089
554364
845296
686198
740308
682584
887956
625457
571868
657831
866984
668875
658136
980131
647271
869158
680341
669311
889154
896281
649053
921990
878230
758271
742544
530738
867948
1022729
708584
602133
620032
938478
836359
