834416
632982
597280
654395
582817
759725
799825
582885
684652
664223
839876
916823
660529
840556
708540
593475
558512
550640
588673
564764
747618
569150
866407
782075
532397
645219
732501
786027
792901
842870
596099
595879
761305
749136
644159
827978
639255
856735
891783
791700
802199
868596
506733
846282
644897
759750
781200
775988
804274
792496
591000
868187
756938
773147
882201
615371
880357
603071
576490
527814
804872
938128
589888
859952
854570
582467
657691
865387
571963
803301
621270
853414
583834
825068
530868
618849
530026
886580
586035
498015
810343
528171
891201
587213
679578
796953
797135
522996
751218
932626
491246
454844
619179
849347
816083
534851
628124
546168
729610
852141
