89.03166666666667
55.022962962962964
56.96685185185185
64.41777777777777
65.84296296296296
81.55666666666667
82.16888888888889
53.84240740740741
62.739444444444445
65.38074074074073
94.66648148148148
83.01333333333334
61.425555555555555
84.0988888888889
88.54981481481481
50.467962962962964
56.724259259259256
62.91814814814815
56.023148148148145
64.02240740740741
79.33648148148148
57.83962962962963
104.30333333333333
85.26333333333334
62.47481481481481
62.43259259259259
92.9325925925926
84.75592592592592
83.72092592592593
74.85037037037037
66.96481481481482
53.87740740740741
79.87722222222222
81.4587037037037
64.6462962962963
94.80018518518519
51.196481481481484
98.88796296296296
88.65092592592593
83.65388888888889
83.61740740740741
86.64925925925925
65.31981481481482
77.08944444444444
68.30185185185185
101.37092592592593
81.22611111111111
86.67092592592593
90.65796296296297
78.46314814814815
60.88055555555555
83.01944444444445
74.73537037037038
82.74907407407407
86.8425925925926
70.90648148148148
78.035
68.89796296296296
57.12240740740741
56.00925925925926
101.74537037037037
85.14037037037038
60.79555555555555
78.30277777777778
91.81962962962963
70.64481481481481
47.27814814814815
82.30851851851853
73.56370370370371
94.08722222222222
48.18962962962963
109.27388888888889
62.25925925925926
80.51296296296296
71.86333333333333
62.45240740740741
63.73222222222222
83.25185185185185
50.84888888888889
55.11944444444445
73.94444444444444
69.31462962962964
71.83833333333334
71.18962962962964
61.17111111111111
80.84851851851852
108.43462962962963
60.39888888888889
75.8987037037037
72.6
66.9011111111111
54.73222222222222
63.50685185185185
88.69074074074074
80.13444444444444
56.43259259259259
57.48722222222222
51.62259259259259
90.66537037037037
67.60833333333333
