557556
329393
361614
393104
360528
580195
581444
375217
330054
411845
452643
522477
299807
643225
558627
402170
435032
332501
408153
404797
572176
355930
554966
580824
386253
325605
563932
514876
572835
521901
363631
387564
570047
619596
465639
569392
371847
536693
539285
660519
527080
581564
376283
599300
358442
573559
501791
572542
591701
666762
330168
497230
693682
544119
528002
432127
535914
327538
379401
350342
530222
519184
347514
642179
577415
327874
378796
513837
339759
575442
398309
485102
342248
604023
316038
368287
426149
512518
386506
360195
643880
373820
595506
405306
329661
610075
516600
446814
573843
524839
371552
353831
403933
526632
545852
398542
395671
336241
614590
628800
