103.25111111111111
60.998703703703704
66.96555555555555
72.79703703703704
66.76444444444445
107.44351851851852
107.67481481481481
69.48462962962962
61.12111111111111
76.26759259259259
83.82277777777777
96.755
55.519814814814815
119.11574074074075
103.44944444444444
74.47592592592592
80.56148148148148
61.57425925925926
75.5838888888889
74.96240740740741
105.95851851851852
65.91296296296296
102.77148148148149
107.56
71.52833333333334
60.297222222222224
104.43185185185185
95.3474074074074
106.08055555555555
96.64833333333333
67.33907407407408
71.77111111111111
105.56425925925926
114.74
86.22944444444444
105.44296296296297
68.86055555555555
99.3875925925926
99.86759259259259
122.31833333333333
97.60740740740741
107.69703703703703
69.68203703703703
110.98148148148148
66.37814814814814
106.21462962962963
92.92425925925926
106.0262962962963
109.57425925925926
123.47444444444444
61.14222222222222
92.07962962962964
128.45962962962963
100.76277777777777
97.77814814814815
80.02351851851851
99.24333333333334
60.65518518518518
70.25944444444444
64.87814814814814
98.18925925925926
96.14518518518518
64.35444444444444
118.92203703703704
106.9287037037037
60.71740740740741
70.14740740740741
95.155
62.91833333333334
106.56333333333333
73.76092592592593
89.8337037037037
63.37925925925926
111.8561111111111
58.525555555555556
68.20129629629629
78.91648148148148
94.91074074074074
71.57518518518519
66.70277777777778
119.23703703703704
69.22592592592592
110.27888888888889
75.05666666666667
61.04833333333333
112.97685185185185
95.66666666666667
82.74333333333334
106.26722222222222
97.1924074074074
68.80592592592592
65.52425925925925
74.8024074074074
97.52444444444444
101.0837037037037
73.80407407407408
73.27240740740741
62.266851851851854
113.81296296296296
116.44444444444444
