-765296.0
-546546.0
-597032.0
-523371.0
-500381.0
-753678.0
-762024.0
-549473.0
-566997.0
-535172.0
-705042.0
-735348.0
-555110.0
-782762.0
-800348.0
-607425.0
-497636.0
-528253.0
-577550.0
-530301.0
-759177.0
-593601.0
-720874.0
-788667.0
-547746.0
-488221.0
-797604.0
-800772.0
-711200.0
-771339.0
-588343.0
-518455.0
-819749.0
-774717.0
-565601.0
-753264.0
-585893.0
-784582.0
-726134.0
-764426.0
-810954.0
-690838.0
-540338.0
-693048.0
-527343.0
-734538.0
-760890.0
-780027.0
-768690.0
-752261.0
-508207.0
-775530.0
-844141.0
-784754.0
-753906.0
-568164.0
-751793.0
-540842.0
-555564.0
-537070.0
-703507.0
-790711.0
-557884.0
-731762.0
-731896.0
-538595.0
-527062.0
-787346.0
-474103.0
-730864.0
-606750.0
-662823.0
-567701.0
-754882.0
-498134.0
-546723.0
-556331.0
-770516.0
-551531.0
-533917.0
-816050.0
-543079.0
-739134.0
-617259.0
-605596.0
-767084.0
-790264.0
-564305.0
-762041.0
-787701.0
-617370.0
-591111.0
-541305.0
-750038.0
-858580.0
-566461.0
-554941.0
-547139.0
-803159.0
-785478.0
