-777432.0
-552097.0
-559798.0
-593859.0
-563247.0
-672509.0
-695518.0
-520060.0
-577948.0
-606056.0
-736455.0
-765161.0
-586128.0
-744703.0
-748134.0
-568820.0
-489803.0
-544129.0
-552166.0
-560012.0
-742741.0
-561266.0
-804372.0
-721667.0
-498783.0
-534771.0
-744518.0
-695585.0
-725838.0
-746718.0
-556898.0
-559002.0
-724971.0
-726997.0
-538495.0
-756453.0
-600886.0
-820798.0
-857446.0
-747968.0
-744289.0
-741221.0
-519387.0
-718987.0
-603762.0
-745487.0
-773405.0
-678941.0
-751821.0
-748474.0
-507386.0
-763216.0
-734700.0
-725345.0
-829689.0
-551364.0
-771260.0
-589974.0
-517620.0
-501763.0
-768238.0
-793632.0
-554268.0
-739876.0
-763218.0
-575639.0
-531096.0
-814205.0
-568811.0
-780680.0
-571787.0
-766136.0
-531791.0
-733107.0
-538578.0
-545736.0
-506314.0
-759614.0
-568147.0
-453706.0
-774725.0
-522901.0
-747577.0
-576609.0
-577112.0
-754569.0
-774119.0
-509536.0
-704599.0
-802824.0
-533354.0
-474858.0
-557006.0
-746472.0
-751122.0
-515243.0
-538204.0
-497340.0
-683531.0
-719180.0
