159.29425925925926
121.76185185185186
128.20537037037036
111.19388888888889
103.50981481481482
153.0037037037037
158.46314814814815
125.56055555555555
116.33888888888889
104.79629629629629
161.59833333333333
162.54481481481483
114.22111111111111
155.10925925925926
179.8475925925926
131.7662962962963
113.26
121.80685185185185
124.17833333333333
112.57944444444445
176.2927777777778
135.46740740740742
145.0087037037037
163.24925925925925
112.92370370370371
94.71518518518519
167.94962962962964
170.14296296296297
148.6464814814815
175.73444444444445
118.01462962962962
111.19351851851852
182.2637037037037
170.43722222222223
97.94685185185185
146.01592592592593
118.81481481481481
160.24574074074073
167.58055555555555
155.27055555555555
163.7187037037037
133.07555555555555
122.70518518518519
133.88648148148147
117.6211111111111
169.4261111111111
169.01611111111112
162.48592592592593
171.2925925925926
152.05703703703705
112.87203703703703
162.4774074074074
167.1435185185185
166.92074074074074
158.13814814814816
104.86425925925926
156.41314814814814
108.01814814814814
118.3424074074074
120.87166666666667
154.13111111111112
167.43055555555554
120.53
140.83703703703705
144.01185185185184
114.82111111111111
103.59833333333333
170.94240740740742
102.66
156.53629629629629
127.0737037037037
137.0940740740741
126.40444444444445
164.4362962962963
115.82537037037036
105.90148148148148
121.82055555555556
160.5525925925926
123.86574074074075
121.87703703703704
181.50574074074075
119.865
160.95518518518517
125.98907407407407
123.94648148148148
164.65814814814814
165.97796296296298
120.195
170.73888888888888
162.63518518518518
140.42055555555555
137.50814814814814
98.28481481481481
160.73111111111112
189.39425925925926
131.21925925925925
111.50611111111111
114.82074074074075
173.79222222222222
154.88129629629628
