-551132.0
-382733.0
-341394.0
-401372.0
-382791.0
-502709.0
-504986.0
-356004.0
-374782.0
-406256.0
-551528.0
-559853.0
-383832.0
-549369.0
-496252.0
-310873.0
-314734.0
-368548.0
-346820.0
-359752.0
-504109.0
-351065.0
-610171.0
-508413.0
-358760.0
-382741.0
-507842.0
-478677.0
-513728.0
-528065.0
-379979.0
-361613.0
-481189.0
-528010.0
-380266.0
-548700.0
-318341.0
-571991.0
-559906.0
-528981.0
-483954.0
-537478.0
-332390.0
-519649.0
-444469.0
-570607.0
-469796.0
-540148.0
-548069.0
-513365.0
-371086.0
-533895.0
-478259.0
-515020.0
-542519.0
-429092.0
-513812.0
-388541.0
-355725.0
-331263.0
-597984.0
-579011.0
-350102.0
-534434.0
-550629.0
-397491.0
-331884.0
-537512.0
-396506.0
-547867.0
-309323.0
-599981.0
-369106.0
-546751.0
-387987.0
-376211.0
-363130.0
-512999.0
-344267.0
-310994.0
-519912.0
-371046.0
-518525.0
-383317.0
-396409.0
-504521.0
-567928.0
-348784.0
-490094.0
-479281.0
-367689.0
-305128.0
-369146.0
-538497.0
-485061.0
-349711.0
-350185.0
-318612.0
-497993.0
-447333.0
