126.52462962962963
88.75060185185185
90.68629629629629
92.39824074074073
86.01157407407408
120.67342592592591
124.10564814814813
89.20731481481481
91.74671296296296
92.36222222222221
123.90504629629629
128.0237962962963
88.37166666666667
128.49560185185186
125.76449074074074
91.65324074074074
88.49347222222224
87.0674074074074
91.19972222222222
89.03754629629628
125.00888888888889
91.15453703703704
128.1323148148148
125.22532407407407
86.37972222222221
84.2325
125.24060185185185
123.95171296296297
121.32037037037037
125.8300462962963
90.67680555555556
86.7975
127.17189814814814
126.3412037037037
92.02782407407409
124.89708333333333
89.31310185185185
129.2939814814815
130.3110185185185
126.96347222222221
123.37472222222223
122.06824074074075
87.88662037037038
119.66907407407408
92.93162037037037
129.42652777777778
121.95828703703702
124.72115740740742
130.1161111111111
125.18828703703703
86.0848148148148
124.58796296296298
127.62805555555555
123.40199074074073
126.53236111111113
92.43796296296296
124.18013888888888
87.31277777777777
88.12041666666667
84.87560185185185
125.77902777777778
130.61087962962964
88.72962962962963
124.32805555555555
125.25347222222221
88.51189814814815
85.70462962962964
127.16569444444445
86.26527777777778
126.48657407407407
91.01856481481481
123.56032407407409
90.04009259259259
127.39893518518518
86.13078703703704
87.78921296296296
90.65555555555555
125.72416666666666
88.70370370370371
83.98106481481481
131.1876851851852
89.05375
127.0274074074074
95.24462962962963
93.00342592592592
126.51685185185184
129.42421296296297
90.04708333333333
123.0048148148148
126.28402777777777
91.77476851851851
85.49874999999999
87.81421296296296
126.05819444444445
130.4347222222222
90.12560185185184
89.64625
82.46310185185186
128.34587962962962
124.18449074074074
