480771
297124
307621
347856
355552
440406
443712
290749
338793
353056
511199
448272
331698
454134
478169
272527
306311
339758
302525
345721
428417
312334
563238
460422
337364
337136
501836
457682
452093
404192
361610
290938
431337
439877
349090
511921
276461
533995
478715
451731
451534
467906
352727
416283
368830
547403
438621
468023
489553
423701
328755
448305
403571
446845
468950
382895
421389
372049
308461
302450
549425
459758
328296
422835
495826
381482
255302
444466
397244
508071
260224
590079
336200
434770
388062
337243
344154
449560
274584
297645
399300
374299
387927
384424
330324
436582
585547
326154
409853
392040
361266
295554
342937
478930
432726
304736
310431
278762
489593
365085
