154.5214814814815
117.21888888888888
110.60740740740741
121.18425925925926
107.92907407407408
140.6898148148148
148.11574074074073
107.94166666666666
126.78740740740741
123.00425925925926
155.53259259259258
169.78203703703704
122.32018518518518
155.65851851851852
131.2111111111111
109.90277777777777
103.42814814814815
101.97037037037038
109.01351851851852
104.58592592592592
138.4477777777778
105.39814814814815
160.44574074074075
144.8287037037037
98.59203703703703
119.485
135.64833333333334
145.56055555555557
146.83351851851853
156.08703703703705
110.3887037037037
110.34796296296297
140.9824074074074
138.7288888888889
119.2887037037037
153.32925925925926
118.38055555555556
158.65462962962962
165.145
146.61111111111111
148.55537037037038
160.85111111111112
93.83944444444444
156.7188888888889
119.42537037037037
140.69444444444446
144.66666666666666
143.7014814814815
148.93962962962962
146.7585185185185
109.44444444444444
160.77537037037038
140.1737037037037
143.17537037037036
163.37055555555557
113.95759259259259
163.02907407407406
111.67981481481482
106.75740740740741
97.74333333333334
149.05037037037036
173.7274074074074
109.23851851851852
159.25037037037038
158.2537037037037
107.86425925925926
121.79462962962963
160.25685185185185
105.91907407407408
148.75944444444445
115.05
158.03962962962962
108.11740740740741
152.79037037037037
98.30888888888889
114.60166666666667
98.15296296296296
164.18148148148148
108.525
92.225
150.06351851851852
97.80944444444444
165.03722222222223
108.74314814814815
125.84777777777778
147.58388888888888
147.6175925925926
96.85111111111111
139.11444444444444
172.70851851851853
90.97148148148148
84.23037037037037
114.66277777777778
157.28648148148147
151.12648148148148
99.04648148148148
116.31925925925925
101.14222222222222
135.11296296296297
157.80388888888888
