-237444.0
-101262.0
-94473.0
-220707.0
-165518.0
-160814.0
-159761.0
-132031.0
-156817.0
-119111.0
-398816.0
-128696.0
-131339.0
-148607.0
-176939.0
-63191.0
-130716.0
-71522.0
-138076.0
-100254.0
-256773.0
-106061.0
-241926.0
-156425.0
-95773.0
-45073.0
-167259.0
-90857.0
-51961.0
-59640.0
-49881.0
-92634.0
-44173.0
-60028.0
-71745.0
-120621.0
-90257.0
-121415.0
-48202.0
-117844.0
-78315.0
-61271.0
-61874.0
-51399.0
-39152.0
-71933.0
-108009.0
-50097.0
-100725.0
-62616.0
-41613.0
-36156.0
-47776.0
-71060.0
-64640.0
-29794.0
-90866.0
-30649.0
-34478.0
-39314.0
-105506.0
-32858.0
-35169.0
-32066.0
-53253.0
-42501.0
-37104.0
-65180.0
-44821.0
-34249.0
-31347.0
-44288.0
-34368.0
-42189.0
-35026.0
-32728.0
-39081.0
-63226.0
-39210.0
-30023.0
-60780.0
-35579.0
-53466.0
-26280.0
-33898.0
-45413.0
-61055.0
-26981.0
-39833.0
-46712.0
-34211.0
-26294.0
-28183.0
-37073.0
-27822.0
-28010.0
-25106.0
-25245.0
-58060.0
-27135.0
