439672
233657
213062
379537
324209
353302
313974
255964
287771
250265
785881
282865
269533
314560
373514
138492
255412
170072
300711
213132
548199
225344
501127
319153
185989
110409
365423
182128
133971
129789
116791
223295
102125
140729
185589
310777
211674
228876
119542
297080
209609
158540
151122
125174
98279
192784
288894
127560
313126
201053
111511
90952
120930
158494
205323
90435
195877
88177
98432
98685
282187
87713
93538
96583
140443
105453
99814
228351
110404
90495
97412
140727
97541
124469
87406
78366
107722
206135
97608
89242
214009
95269
150118
77383
100679
154664
219510
83826
125880
152712
90585
73776
81604
140879
81508
78713
77652
74551
165471
99877
