81.42074074074074
43.269814814814815
39.455925925925925
70.28462962962963
60.0387037037037
65.4262962962963
58.14333333333333
47.400740740740744
53.290925925925926
46.34537037037037
145.53351851851852
52.382407407407406
49.913518518518515
58.25185185185185
69.16925925925926
25.64666666666667
47.29851851851852
31.494814814814816
55.687222222222225
39.46888888888889
101.51833333333333
41.73037037037037
92.8012962962963
59.102407407407405
34.44240740740741
20.44611111111111
67.67092592592593
33.727407407407405
24.809444444444445
24.035
21.627962962962965
41.35092592592593
18.912037037037038
26.060925925925925
34.36833333333333
57.55129629629629
39.19888888888889
42.38444444444445
22.13740740740741
55.01481481481481
38.81648148148148
29.35925925925926
27.985555555555557
23.18037037037037
18.199814814814815
35.70074074074074
53.49888888888889
23.622222222222224
57.986296296296295
37.23203703703704
20.650185185185187
16.842962962962964
22.394444444444446
29.35074074074074
38.022777777777776
16.747222222222224
36.27351851851852
16.329074074074075
18.228148148148147
18.275
52.25685185185185
16.243148148148148
17.321851851851854
17.88574074074074
26.007962962962964
19.528333333333332
18.484074074074073
42.28722222222222
20.445185185185185
16.758333333333333
18.03925925925926
26.060555555555556
18.063148148148148
23.049814814814816
16.186296296296295
14.512222222222222
19.94851851851852
38.17314814814815
18.075555555555557
16.526296296296298
39.6312962962963
17.642407407407408
27.799629629629628
14.330185185185185
18.644259259259258
28.64148148148148
40.65
15.523333333333333
23.31111111111111
28.28
16.775
13.662222222222223
15.111851851851851
26.088703703703704
15.094074074074074
14.576481481481482
14.38
13.80574074074074
30.642777777777777
18.49574074074074
