-24045.0
-23764.0
-22242.0
-24539.0
-25600.0
-24972.0
-21514.0
-22007.0
-23396.0
-25996.0
-80790.0
-25332.0
-23567.0
-20488.0
-21351.0
-23731.0
-22815.0
-27222.0
-22503.0
-26585.0
-78930.0
-22916.0
-90640.0
-28299.0
-26613.0
-26071.0
-23449.0
-28641.0
-23022.0
-20592.0
-23212.0
-23387.0
-23026.0
-23057.0
-24399.0
-100411.0
-22676.0
-25620.0
-23057.0
-96688.0
-79881.0
-20973.0
-20967.0
-21794.0
-22360.0
-22037.0
-79103.0
-22177.0
-78235.0
-98063.0
-24055.0
-21780.0
-22578.0
-22583.0
-88648.0
-25298.0
-75334.0
-25183.0
-28702.0
-22269.0
-88415.0
-29557.0
-26683.0
-21299.0
-28203.0
-26846.0
-24271.0
-26961.0
-25053.0
-26198.0
-23658.0
-81795.0
-27470.0
-24416.0
-21528.0
-21991.0
-24798.0
-103858.0
-25180.0
-21238.0
-75354.0
-20429.0
-25791.0
-22680.0
-22874.0
-93463.0
-77506.0
-24626.0
-69819.0
-82722.0
-24391.0
-23641.0
-23738.0
-86749.0
-24987.0
-22428.0
-20244.0
-25198.0
-97671.0
-82092.0
