6.8398666666666665
7.013333333333334
6.626133333333334
7.116933333333333
7.373466666666666
7.182933333333334
6.443466666666667
6.470533333333333
6.8453333333333335
7.400266666666667
23.5276
7.498
6.683333333333334
6.443466666666667
6.4421333333333335
6.9864
6.717466666666667
7.8516
6.519333333333333
7.5312
22.938
6.782133333333333
26.428533333333334
8.1376
7.503066666666666
7.651066666666667
6.835466666666667
8.158
6.6273333333333335
6.236666666666666
6.8092
6.740933333333333
6.700933333333333
6.6788
7.210533333333333
29.632533333333335
6.935066666666667
7.418533333333333
6.901866666666667
27.936133333333334
22.964666666666666
6.270533333333334
6.196933333333333
6.456133333333334
6.742533333333333
6.5392
22.557066666666667
6.4264
23.0616
29.028933333333335
7.0018666666666665
6.4752
6.559333333333333
6.869066666666667
25.794133333333335
7.342533333333333
22.602266666666665
7.3556
8.081733333333334
6.402933333333333
26.418533333333333
8.4268
7.607866666666666
6.487866666666666
7.988133333333334
7.669066666666667
6.999733333333333
7.781333333333333
7.078266666666667
7.568133333333333
6.959866666666667
24.1944
7.9344
7.081733333333333
6.413866666666666
6.359466666666667
7.124
30.056266666666666
7.112933333333333
6.482933333333333
22.560133333333333
6.233733333333333
7.774933333333333
6.7364
6.79
27.643733333333333
23.2384
7.1324
20.439733333333333
24.568266666666666
7.343466666666667
7.095466666666667
6.866533333333333
25.6584
7.116266666666666
6.773866666666667
6.232266666666667
7.104533333333333
28.460133333333335
23.8944
