51299
52600
49696
53377
55301
53872
48326
48529
51340
55502
176457
56235
50125
48326
48316
52398
50381
58887
48895
56484
172035
50866
198214
61032
56273
57383
51266
61185
49705
46775
51069
50557
50257
50091
54079
222244
52013
55639
51764
209521
172235
47029
46477
48421
50569
49044
169178
48198
172962
217717
52514
48564
49195
51518
193456
55069
169517
55167
60613
48022
198139
63201
57059
48659
59911
57518
52498
58360
53087
56761
52199
181458
59508
53113
48104
47696
53430
225422
53347
48622
169201
46753
58312
50523
50925
207328
174288
53493
153298
184262
55076
53216
51499
192438
53372
50804
46742
53284
213451
179208
