141539
115062
84541
89294
80140
81444
78489
99267
106552
115100
287130
84532
77386
100519
79749
68011
66118
60194
64525
66535
83634
65077
75087
61778
52420
61211
66559
67577
50654
63427
54041
59091
60473
50190
57424
71860
58176
50909
52406
62414
64008
51544
47341
45430
52114
43501
52832
45974
60948
49675
38996
39344
47464
37745
54623
41633
57037
37875
41114
46106
50718
47611
38328
36092
39562
52934
44495
45914
35027
42788
37326
49023
35714
33908
37574
47320
58096
53710
36786
36507
37075
33734
34962
35001
33110
38079
47373
33430
42012
38322
32660
37191
34122
46255
43993
29894
32224
33644
38944
34901
