18.871866666666666
15.3416
11.272133333333333
11.905866666666666
10.685333333333332
10.8592
10.4652
13.2356
14.206933333333334
15.346666666666666
38.284
11.270933333333334
10.318133333333334
13.402533333333333
10.6332
9.068133333333334
8.815733333333334
8.025866666666667
8.603333333333333
8.871333333333334
11.1512
8.676933333333332
10.0116
8.237066666666667
6.989333333333334
8.161466666666668
8.874533333333334
9.010266666666666
6.753866666666666
8.456933333333334
7.205466666666666
7.8788
8.063066666666666
6.692
7.656533333333333
9.581333333333333
7.7568
6.787866666666667
6.987466666666666
8.321866666666667
8.5344
6.872533333333333
6.312133333333334
6.057333333333333
6.948533333333334
5.800133333333333
7.044266666666666
6.129866666666667
8.1264
6.623333333333333
5.199466666666667
5.245866666666666
6.328533333333334
5.032666666666667
7.283066666666667
5.551066666666666
7.604933333333333
5.05
5.481866666666667
6.147466666666666
6.7624
6.348133333333333
5.1104
4.812266666666667
5.274933333333333
7.0578666666666665
5.932666666666667
6.121866666666667
4.670266666666667
5.705066666666666
4.9768
6.5364
4.761866666666666
4.521066666666667
5.0098666666666665
6.309333333333333
7.746133333333334
7.161333333333333
4.9048
4.8676
4.943333333333333
4.497866666666667
4.6616
4.6668
4.414666666666666
5.0772
6.3164
4.457333333333334
5.6016
5.1096
4.354666666666667
4.9588
4.5496
6.167333333333334
5.865733333333333
3.9858666666666664
4.2965333333333335
4.4858666666666664
5.1925333333333334
4.653466666666667
