-88197.0
-74662.0
-51061.0
-55647.0
-49901.0
-49686.0
-48762.0
-58926.0
-66669.0
-69247.0
-164702.0
-50541.0
-45287.0
-63820.0
-48340.0
-38719.0
-38035.0
-34207.0
-36387.0
-35296.0
-43834.0
-36897.0
-38841.0
-33855.0
-28564.0
-33085.0
-37138.0
-38482.0
-25911.0
-36871.0
-29371.0
-32694.0
-31905.0
-23248.0
-29574.0
-32446.0
-31165.0
-23572.0
-27058.0
-27305.0
-31211.0
-25410.0
-25090.0
-21220.0
-26223.0
-20858.0
-24412.0
-23015.0
-26573.0
-21311.0
-17434.0
-16522.0
-24517.0
-14801.0
-21039.0
-18303.0
-22549.0
-15918.0
-17444.0
-22599.0
-18908.0
-22907.0
-16957.0
-14284.0
-17746.0
-27819.0
-20641.0
-21714.0
-15055.0
-18924.0
-16094.0
-18487.0
-14993.0
-14738.0
-15467.0
-23567.0
-31521.0
-20107.0
-17670.0
-13970.0
-12302.0
-11834.0
-13153.0
-13560.0
-11716.0
-14226.0
-16109.0
-13827.0
-16761.0
-12463.0
-11893.0
-16483.0
-14676.0
-18275.0
-22987.0
-10149.0
-10756.0
-14464.0
-11102.0
-10281.0
