-8293.0
-8549.0
-9083.0
-8596.0
-8131.0
-8784.0
-8262.0
-8173.0
-8457.0
-9530.0
-8743.0
-8546.0
-8598.0
-8732.0
-8387.0
-9664.0
-9346.0
-8648.0
-8795.0
-8354.0
-8423.0
-8312.0
-10467.0
-8523.0
-9124.0
-8369.0
-8336.0
-7646.0
-8177.0
-8384.0
-8648.0
-8612.0
-7925.0
-9094.0
-8170.0
-11283.0
-8156.0
-9079.0
-9384.0
-10060.0
-7947.0
-8300.0
-8083.0
-8175.0
-9198.0
-8418.0
-8204.0
-7832.0
-8530.0
-8422.0
-7586.0
-8686.0
-8787.0
-8551.0
-10231.0
-8638.0
-9952.0
-8759.0
-9070.0
-8651.0
-10320.0
-8096.0
-8566.0
-9010.0
-8688.0
-8799.0
-8511.0
-9219.0
-8865.0
-8696.0
-8184.0
-8979.0
-8556.0
-8241.0
-8727.0
-8732.0
-9023.0
-9804.0
-8645.0
-8483.0
-9239.0
-8985.0
-9649.0
-8322.0
-8978.0
-11633.0
-10599.0
-8190.0
-8252.0
-8502.0
-8335.0
-8183.0
-8744.0
-11723.0
-8996.0
-9062.0
-8355.0
-8442.0
-10432.0
-9105.0
