19920
19167
19891
19833
18406
19383
19128
18518
18890
20640
19697
18486
19247
19469
19570
20896
19814
18962
18758
18465
19020
19233
22582
18961
19736
18504
18221
17754
18661
18418
19176
19322
18430
19307
19437
24251
19110
19488
20190
21825
18563
18465
18761
19014
19107
19252
17911
18271
19390
18473
18413
19187
19547
19685
23169
18976
22860
19325
20426
19614
23903
18931
18519
19584
19344
19897
19548
19734
19496
19214
19165
19020
18215
18532
19429
18845
19535
20181
20051
18520
21692
19091
20331
19078
19847
24795
22718
19454
19261
18238
18912
18987
19245
24690
19962
19576
18996
19386
23803
19681
