3.688888888888889
3.5494444444444446
3.6835185185185186
3.6727777777777777
3.4085185185185187
3.5894444444444447
3.542222222222222
3.4292592592592595
3.498148148148148
3.8222222222222224
3.6475925925925927
3.4233333333333333
3.5642592592592592
3.6053703703703706
3.6240740740740742
3.8696296296296295
3.669259259259259
3.5114814814814816
3.4737037037037037
3.4194444444444443
3.522222222222222
3.5616666666666665
4.181851851851852
3.511296296296296
3.6548148148148147
3.4266666666666667
3.3742592592592593
3.287777777777778
3.455740740740741
3.410740740740741
3.551111111111111
3.578148148148148
3.412962962962963
3.5753703703703703
3.5994444444444444
4.490925925925926
3.5388888888888888
3.608888888888889
3.738888888888889
4.041666666666667
3.4375925925925928
3.4194444444444443
3.4742592592592594
3.5211111111111113
3.5383333333333336
3.565185185185185
3.316851851851852
3.3835185185185184
3.5907407407407406
3.420925925925926
3.4098148148148146
3.553148148148148
3.6198148148148146
3.64537037037037
4.290555555555556
3.514074074074074
4.233333333333333
3.5787037037037037
3.7825925925925925
3.632222222222222
4.426481481481481
3.5057407407407406
3.4294444444444445
3.6266666666666665
3.582222222222222
3.6846296296296295
3.62
3.6544444444444446
3.6103703703703705
3.558148148148148
3.549074074074074
3.522222222222222
3.373148148148148
3.4318518518518517
3.597962962962963
3.4898148148148147
3.6175925925925925
3.737222222222222
3.7131481481481483
3.4296296296296296
4.017037037037037
3.5353703703703703
3.765
3.532962962962963
3.6753703703703704
4.591666666666667
4.207037037037037
3.602592592592593
3.566851851851852
3.377407407407407
3.502222222222222
3.516111111111111
3.563888888888889
4.572222222222222
3.6966666666666668
3.625185185185185
3.517777777777778
3.59
4.407962962962963
3.6446296296296294
