6.722777777777778
9.839629629629629
7.382037037037037
7.085925925925926
6.2101851851851855
8.171111111111111
5.900925925925926
8.153703703703703
6.002962962962963
5.66074074074074
5.761481481481481
6.117037037037037
6.899074074074074
5.9853703703703705
5.331666666666667
5.914444444444444
6.047592592592593
5.624074074074074
5.66037037037037
5.332222222222223
6.496296296296296
5.16
6.724259259259259
4.436296296296296
4.299814814814815
5.1651851851851855
5.201851851851852
4.697037037037037
5.533518518518519
6.022592592592592
3.8562962962962963
4.273148148148148
3.9724074074074074
4.880925925925926
4.925185185185185
5.046296296296297
4.266851851851852
3.6824074074074074
3.9637037037037035
3.9340740740740743
3.7977777777777777
3.8266666666666667
3.844259259259259
3.3827777777777777
3.377962962962963
4.475370370370371
3.6755555555555555
3.457037037037037
3.368888888888889
3.8074074074074074
3.708148148148148
3.2755555555555556
3.5457407407407406
3.3394444444444447
4.037592592592593
3.462962962962963
3.3627777777777776
2.6259259259259258
3.4444444444444446
3.471296296296296
4.601481481481481
3.905
2.9446296296296297
2.935
3.053703703703704
3.091296296296296
2.981851851851852
2.829814814814815
3.1596296296296296
3.3337037037037036
2.9027777777777777
2.776851851851852
2.7453703703703702
2.6664814814814815
2.7827777777777776
2.676111111111111
2.710185185185185
2.5733333333333333
2.8848148148148147
2.7462962962962965
2.9027777777777777
2.275185185185185
2.5844444444444443
2.7020370370370372
2.8675925925925925
3.2022222222222223
2.5685185185185184
2.9125925925925924
2.6812962962962965
2.3846296296296297
2.615740740740741
2.620185185185185
2.368888888888889
2.590925925925926
2.384259259259259
2.402037037037037
2.4864814814814813
2.3740740740740742
2.7220370370370373
2.4155555555555557
