-22557.0
-37709.0
-27667.0
-25251.0
-21285.0
-31465.0
-20162.0
-29864.0
-21793.0
-18688.0
-19058.0
-21696.0
-24657.0
-20830.0
-17124.0
-19410.0
-20857.0
-18670.0
-19048.0
-16627.0
-23834.0
-16744.0
-21875.0
-14050.0
-12961.0
-16751.0
-17064.0
-15036.0
-18761.0
-20933.0
-10811.0
-12518.0
-11886.0
-15831.0
-16171.0
-14845.0
-12716.0
-11158.0
-12277.0
-10244.0
-11352.0
-10659.0
-10759.0
-9252.0
-9767.0
-13567.0
-9584.0
-9802.0
-8669.0
-11159.0
-9443.0
-8785.0
-9828.0
-8873.0
-9961.0
-9563.0
-8134.0
-6547.0
-8940.0
-9471.0
-12998.0
-10517.0
-7451.0
-7617.0
-7455.0
-7590.0
-6773.0
-6535.0
-8340.0
-8948.0
-6616.0
-6775.0
-6441.0
-5779.0
-6623.0
-6182.0
-5994.0
-6288.0
-7145.0
-6175.0
-5202.0
-5552.0
-5578.0
-6273.0
-7187.0
-7449.0
-4689.0
-6736.0
-5704.0
-5318.0
-5982.0
-5547.0
-4793.0
-5322.0
-4864.0
-5416.0
-4700.0
-4305.0
-4385.0
-5631.0
