36303
53134
39863
38264
33535
44124
31865
44030
32416
30568
31112
33032
37255
32321
28791
31938
32657
30370
30566
28794
35080
27864
36311
23956
23219
27892
28090
25364
29881
32522
20824
23075
21451
26357
26596
27250
23041
19885
21404
21244
20508
20664
20759
18267
18241
24167
19848
18668
18192
20560
20024
17688
19147
18033
21803
18700
18159
14180
18600
18745
24848
21087
15901
15849
16490
16693
16102
15281
17062
18002
15675
14995
14825
14399
15027
14451
14635
13896
15578
14830
15675
12286
13956
14591
15485
17292
13870
15728
14479
12877
14125
14149
12792
13991
12875
12971
13427
12820
14699
13044
